 8707
 8629
 5332
 9678
  669
 6498
 8136
 1843
 4242
 1025
 8807
 9968
 8421
 1822
 3368
 4878
 7217
 7897
  817
 4691
 9900
 7232
 1020
 9998
 6126
  878
 5853
 8815
 6988
 3724
 5554
 7848
   17
 4885
 6659
 6022
 3143
 6831
 6326
 6758
 5828
 8646
  947
 6609
 2757
 4777
 7170
 6562
 4996
 3992
 2512
  719
 4831
 7642
 9686
  871
 6671
  606
 7117
 2851
 5867
 2242
 4783
 2317
 9383
 8031
 7033
 8158
 5730
 2978
 1535
 7356
 8567
 5181
 2766
 6147
 4028
 8055
 5359
 5591
 2555
 9249
 7452
 2184
 6185
 4847
 6577
 8753
 6734
 2825
 5032
 7156
 4406
 6650
    9
  778
 8217
 6832
  658
 9537
 4839
 7059
 8078
 9582
 3443
 3203
 8254
 6715
 7054
 4498
 9561
 9864
 9793
 7487
 6156
   26
 3398
 9888
 9779
 6801
  893
 6870
 8065
 3363
 8464
 6628
 1599
 3590
 1820
  469
 6822
 1509
 6589
 2965
  184
 4921
 7267
 3329
 1318
 4006
 4021
 7685
 1635
 2865
 1126
 6761
 7390
 8995
 8640
 5906
 6746
 3740
 8812
  960
 6571
 3330
  787
 9007
 4477
  985
 1345
 5195
 2441
 8754
 2049
 2202
 8166
 3526
 6590
 8544
 4229
  641
 4204
 6302
 9098
 2963
 7485
  811
 6174
 8288
 6821
 5398
 1525
 4790
 2742
 1714
  305
 3486
 3234
 4109
  921
 9587
 6876
 7530
 4598
 5455
 2385
 2293
 8049
 1450
 1982
  188
 4287
 6906
 3293
  897
 4491
 6368
 5594
 6023
 9444
 5183
 1527
 7610
 6552
 6228
 5349
 3906
 4615
 4571
 2981
 7661
 3957
 1623
 2614
 1772
 3131
 1555
 8729
 9209
 1286
 6933
 9420
 2949
 4139
 4048
 8253
 8454
 4737
 7268
 5029
  242
 1260
 7090
 5981
 4544
 3741
 6177
 9079
 1092
 5887
 8876
 9216
 6546
 3169
  385
 4564
 4848
 9442
  229
 5645
 2985
 4966
 8583
 4800
 6318
 7230
  412
 1869
  665
 2361
 2790
 9866
 2022
 7278
 6915
 7695
 9243
 1833
  317
 4198
 3037
 5001
 6333
 2795
 6406
 5629
 5045
 6367
 1383
 9605
 6726
 4671
  204
 8643
 1134
 4952
 9756
 9799
 6957
 2130
 9019
 1375
 4224
 9358
 2465
 5188
 2821
 4588
 8164
 6247
 3222
 9905
 6923
 8892
 8363
  766
 3631
 2567
 1937
 7108
 1091
 5488
 5673
 7461
 3219
  636
 8562
 6214
 2733
 5209
 5614
 5316
 4290
 7220
 1216
 7383
 5968
  782
  196
 3095
 4964
 8682
 4247
 9591
 3251
 8887
 2779
 5813
 6668
 4081
   74
 6213
 2360
  516
 4941
 4404
 5681
 2947
 4311
 3593
 1617
 1394
 6248
 7951
 5429
 3653
 9563
 9549
 8128
 8289
 5443
 2356
 9032
  474
 2948
 8529
 4050
 6873
 3523
 5176
 9166
 7573
 5601
 3410
 3186
 2964
 3538
 2683
 4442
 1614
 5738
 3550
 8684
 3090
 7625
  608
 6788
  621
 3533
 3886
 5786
 9236
 5575
 3657
 4328
 6343
 8376
 4114
 9860
 8429
 3907
 4767
 4818
 3121
 1424
 9744
 3002
 6739
 3937
 9693
 6723
 8050
 5275
 7534
 9647
 6283
 4769
 5074
 7312
 2328
 6072
 4297
  517
 3553
 3046
 4948
 5280
 2216
 9177
 3775
  546
 6211
 9955
 4091
 4960
 7745
 6813
  872
 8364
 6670
 3975
 2310
 1718
  338
 8291
 3862
 9277
 9431
 7394
 9524
 9058
 1536
   82
 4690
 9986
 8713
 5474
 9653
 2763
 3291
 8721
 7769
 4183
  266
  866
 7847
 6053
 3355
 4369
 3965
 7197
 8020
 9969
 6961
 7917
  123
 7942
   86
 8079
 5237
 8388
 5915
 8911
 9610
 6583
 4387
 7561
 7846
 7258
 5747
  171
 8309
 2882
 7538
 3229
 8103
  267
 4119
 5468
 9246
 4121
 3634
 4946
  850
 3325
 7348
 3704
  282
 2364
 9853
 1964
 2722
 5321
  139
 1534
 7960
 8056
 5860
 6165
 9884
 7125
 2268
 8037
 6851
 1612
 4983
 2392
 8498
 2929
 4167
 7460
 7426
 2086
 2205
 2040
 7762
 5644
 7354
 2664
 4934
 3089
 8179
 5247
 4092
 6518
 7790
 4620
 8561
 7432
 5473
 7629
 5020
 9301
 7645
 4625
 7281
 8066
   88
 1049
 9846
 1113
  734
  672
 4903
 3562
 4110
 5814
 5563
 8751
 9936
 6049
 5528
 3420
 5940
 5942
 4595
 2499
 3648
 1404
  632
 6290
  685
 3912
 7190
 4919
 2015
 2953
 3776
 8570
 3517
 3076
 1832
 3703
 2861
 4087
 6311
 5406
 2934
 5462
 5764
  446
 9721
  648
 8326
 5062
 8592
 3626
 6879
 8935
 5375
 9107
 9113
  676
 8881
 6943
 4269
  993
 3003
 9967
 2375
 7103
 1082
 8507
 8230
  507
 7528
 8375
   56
 9403
 4623
 9973
 2255
 4727
 9816
  937
  724
 3142
 3447
 3058
  113
 4601
 9685
 7066
 1616
 1722
 5653
 2340
 6208
 6277
 9400
 7988
 5728
 6257
 5070
 9501
 7441
 1217
 5100
 9869
 7050
 7087
 1883
 6787
 7751
 9801
  426
 1952
 1391
 1470
 9203
 9329
 6349
 9369
 6419
 2048
 9255
 5546
 3690
 1838
 5854
  106
 5456
 4181
 4217
  111
 6485
 5262
 1996
 7208
 2082
 8501
 2175
 5103
 9655
 3016
 2890
 3922
 9267
 4095
 7120
 2450
 4073
  159
 9739
 5379
 4611
  664
 9620
 4607
 4688
 6434
  618
 6092
 1185
 1955
 2359
 6721
 4499
  550
 4743
 6246
 6004
 3949
 2046
 6825
 3974
 7413
 7683
 3736
 5168
 4049
 5580
 2816
 4605
 5880
 3431
 9208
  776
 9175
 4905
 5616
 9865
 3260
 5889
  310
 7309
  256
 7482
 1546
 8402
 3127
 1489
 9472
 3114
 9997
 3265
 7809
 1515
 3574
 9217
 2968
 4587
 9016
  115
 5315
 2876
 1771
 3152
 4877
  880
 2833
 4215
 3153
 6178
 3365
 3504
 2566
 9556
  467
 7924
 6225
 7768
 1588
  896
 6087
 2980
 9785
 5582
 4254
 3961
 5092
 7810
 8011
 5513
 4137
 8337
 5967
  302
 1624
 8720
  738
 7248
 7457
 3057
 8118
 7675
 9680
 3678
 7016
 7159
 4875
 5389
 3328
 1602
 8681
 3671
 8511
 4214
 5628
   20
 7581
 2161
 3962
  169
 5208
  575
 5068
 1744
 3173
 4226
 4120
 2734
 4953
 6212
 2228
 7666
 2945
 4441
 5008
 4325
 1180
 1610
 5030
 2313
 1297
 7275
 4354
 6064
 7910
 4374
 9702
 1099
 7005
 2191
 2074
 2874
 3646
 5925
 8866
 5198
 3762
 5097
  421
 8459
 9192
 4728
 5430
 2388
 9928
 8826
 8668
 6508
 7999
  462
 1573
  679
 8546
 4901
 4403
 8334
 6383
 2454
 4113
 4074
 8044
 3485
 1213
 6334
 9809
   29
 7705
 7073
 8139
 1411
 7556
 4103
   19
 4720
 2725
 7889
  989
 3184
 7706
 1872
 5704
 5995
 8384
 4069
 9221
  140
 8064
 9000
 4974
 9257
 3909
 2872
 9984
 8369
 5585
 4676
 1494
 5869
 6006
 8222
 2924
 6324
 2054
 3436
 4865
  592
 3030
 4135
 2746
 7720
 9757
 5643
  352
 6844
 7067
 7077
 6259
 1948
 6955
 6210
 3893
  131
 3341
 1673
 8858
 5318
 5197
 2756
 6729
 9463
 5118
 5154
 2777
 4914
 5233
 5597
  905
 9503
 5693
 3078
 4478
  807
  882
 2903
  376
 9426
  327
 6057
 1244
 6651
  400
 6404
 9943
 7028
 5322
 3573
 7465
 8027
 3521
 4285
  858
 2829
 7145
 6707
 8466
   99
 1676
 5084
 1058
 4639
 3196
 9430
 8178
 2521
 3948
 4186
 4046
 7601
 9612
 5217
 5893
 3636
 6291
 4077
 4785
 5757
 8634
 7115
 7944
 4864
  971
 8013
 1077
 6983
 2069
 1788
 3296
 5732
 9360
  512
 6034
 2848
 9687
  463
 2662
 2012
 7031
 2620
 5821
 9325
 7929
 8733
 2029
 6803
 6919
 9448
 9854
 6350
   38
 7996
 9146
 4680
 6351
 3454
 2312
 6005
 7167
 9361
 2564
 1096
 9144
 7592
 5956
  998
 7591
 5042
 6358
 1553
 1909
 1839
 9821
  756
 9657
 5284
 1194
 2141
 6985
 1740
 4868
 5419
 7926
 1155
 5364
 1679
  519
 2005
 1935
 1133
 6764
 1355
 2489
 1338
 5507
 4796
 1672
 6322
 6809
 8886
 9038
 3132
  475
 6585
 3236
 4083
 9412
 6789
 8851
   51
 4956
 2017
 1327
 3542
 2092
 8909
 8348
 2817
 3195
 2199
 8455
 5093
 2435
 1219
 1943
 4238
 5666
 4411
 9495
 6366
 9667
  777
 4492
 5879
  384
  232
 1842
 1400
 9923
 9995
 1368
 8884
 9265
   87
 3895
 6536
 3609
 3130
 3082
 8122
 7993
 4301
  911
 1792
 9690
 5253
 4717
 7202
 1458
 6646
  809
  476
 9609
 5691
 4405
  165
 7447
  286
 5639
 6442
 3194
 3666
 1161
 7701
 3647
 9057
 1240
 4738
 4735
 1835
 6932
  382
 9898
 5242
 4824
 5004
 6872
  643
 8618
 1454
  687
 8936
  168
 6530
 2273
 1587
 5221
 1349
 6914
 2251
 1608
 6790
    6
 7136
 7707
 9565
 4292
 6840
 6135
 1039
 9459
 3655
   42
 1347
 9363
 8615
 4748
 1910
  702
 3584
 8358
 8689
 3392
 6011
 9432
 8620
 6331
 3931
 9072
 8563
 8368
 6622
 6061
 8793
 3463
 9938
  783
 5721
 3826
 3618
  156
  909
 4828
 7587
 1183
 9648
  149
 6785
 6218
 7201
 7662
 9457
  876
 1342
 5213
 3952
 1433
 1871
 1232
 4578
 5861
 6232
 9811
 8137
 6716
 1776
 2835
 2036
 5023
 7574
   59
 5863
 3539
 7241
 4707
 4592
 5588
 6841
 4550
 1514
 4884
 8150
 7349
 1479
 4745
 7994
 8856
 7314
 3903
 1540
 2379
 4968
 4225
 4020
 5352
 3091
 6777
 2770
 9160
 1651
  491
 7582
 5071
 9188
 4778
 7738
 3956
 8125
 1481
 7816
 4372
 3081
 7341
 1687
 1811
 3732
  309
 2812
 8984
 4714
 4719
 7742
 1448
  109
 6928
 8404
 3350
 4061
 1895
 5890
 7991
 5812
 1858
 6549
  574
 1301
 1853
 5057
 6504
 5311
 5674
 6353
 3934
 4913
  461
 5295
 8928
 2151
 4739
 7235
 6100
 5336
 8667
 2159
  182
 6186
 4345
 2473
 3501
 7499
 2111
 2838
 2044
 7498
 3985
 3764
 4943
 1706
 5189
 9161
 1310
 1165
 7175
  334
 4726
 6373
 7945
 4147
 3578
 8580
 8662
 4333
 4245
 3006
 3472
 8801
 3850
 1898
 6395
 6937
 7867
  725
 7841
  252
 3684
 8537
 2984
 6812
 4821
 6687
 8736
 7785
 3459
 3600
 4184
 8822
 1439
 2971
 3199
 5420
 6940
 4827
 4609
 7755
 5483
 1143
 9566
 6344
 6191
 2381
 7303
 7933
 5556
 1061
 3563
 9755
 2932
 2217
 5997
 7877
 7643
 9480
 2603
   69
 8766
 9709
 5603
 5132
 8284
 9637
 5525
 7884
 2730
 9497
  645
 6467
 1011
 2706
 1789
 1224
 8210
 7224
  276
 4337
 8241
 1264
 7012
 5343
 6507
 4208
 5125
  959
 7264
 5395
 8426
 6430
  173
 3348
 9804
 7072
 5998
 3888
  407
  755
 3739
 9856
 7265
 6991
 4305
 2504
  160
 2793
 7351
 5190
 1646
 4621
 1313
 8162
 7723
 7850
 6440
 2501
 6079
 1912
 8957
 6839
 1102
 6031
 9242
 7740
  539
 5025
 8015
 3426
 5492
 3167
 7061
 3804
 7802
 9724
  492
 6781
  914
 2926
 9588
 4462
 1692
 7166
 8377
 6495
 1414
 4398
 9922
 4397
 1554
 1670
 9165
 6076
  887
 9337
 7395
 2463
 6724
 9516
 6436
 9894
 6170
 8242
 3997
 2028
 1828
 5387
  142
 8974
 5187
 7656
 3940
 8261
 3171
 4280
 8627
 8520
 6706
 4104
  628
 1324
 4860
 3513
 2873
 1700
  963
 5365
 4416
 5866
 9628
  638
 7982
  590
 3815
   30
  749
 1295
 5105
 3733
 9220
 3112
 7011
 9666
 9882
 2608
 9068
 6154
 2666
 3216
  545
 2341
 8355
 8755
 4412
 6814
 5003
 4870
 3156
   28
 5928
 9392
 5839
 6804
  280
 3612
  341
 7052
 6695
 5178
 6227
 8169
 1293
 8846
 2557
 7116
 6364
 5175
 1208
 6606
 1225
 7664
 9706
 4874
 1186
 1191
  659
 6035
 6160
 1209
 7474
 8616
 6455
 1884
 8395
   35
 7604
 8949
  221
 7585
 1037
 5506
 3558
 4668
 4414
 4683
 3161
 5134
 2565
 1173
 7902
  245
 9336
 7659
 2235
 3144
  227
 6484
 9760
 3596
 7527
 3490
 8229
  203
 3381
 7930
 6930
 4343
 5726
 1500
   67
 3842
 8203
 7545
 3429
 8413
 9746
 9909
 2240
 3263
 2412
 8686
 2400
 3623
  583
 6175
 8503
 8589
  498
 6030
 4098
 8053
 2617
 6886
 7406
  983
 1741
 9326
 5368
 2357
 4058
 9196
 3642
 8201
 1888
  127
 7508
 4511
 2024
 8515
 8216
 2306
 3959
 8602
  186
 1169
 3407
 6230
  680
 5791
  972
 4572
 2896
 4211
 2479
 8392
  472
  194
 7448
 8540
 6663
 4781
 3097
 7648
 6637
 4015
 2764
 2416
 3936
 7987
 7405
 4782
 8211
 8091
 2972
 3200
 3122
 5586
 1533
 7255
 5366
 4341
 4565
 4395
 1127
 4585
 1791
 1262
 7344
 8030
 9352
 6973
 9731
  917
 2537
 7524
 3575
 4357
 3252
 6292
 5535
 2503
 1001
 7109
 5883
 4898
 9316
 9263
 8165
 7026
 4876
 8314
  762
 5135
 1836
 4770
 3659
 7603
 2348
 1846
 6118
 6512
 6874
 3456
 6767
 9398
   80
 3805
 8979
 7468
 8548
 8552
 5778
 5714
  661
 9127
 9604
 3942
 1537
 6240
 8539
 1376
 4294
 3772
 7565
 6757
 5934
 9409
 2703
 5633
 9531
 6515
  773
 8582
 9790
 9887
 1713
  346
 2804
 8628
 3570
 5885
 1761
 1218
 6875
 9129
 7342
 9557
 7209
 5769
  694
 1631
 1386
 2878
 2507
 9617
 8942
 5859
 5147
 7400
 1730
 5756
 2912
 1708
  477
 8256
 2697
 1649
 8249
 9371
 4005
 5304
 1027
 2904
 4573
  973
 1296
 5357
 5141
 9391
 6164
 6188
 5689
 5220
 9944
  999
 9438
 8244
 8794
 2276
  337
 5805
 9212
 2468
 9401
  435
 2490
 5138
 4736
 6490
  678
 8335
 7713
  541
 3817
 5930
 8167
 1019
 1332
  900
 1497
 5454
 6626
 5746
 9697
 2597
 8443
 2690
 6281
 8869
 4407
 1437
 8566
 5312
 8285
 7716
   36
  283
 2695
 4232
 3379
 2164
 7249
  735
 7778
 9342
 2118
  271
 6619
 5137
 2104
 9373
 1845
 4554
 5808
 9662
  112
 5708
 2068
 5444
 7687
 6179
 6193
 6295
 7254
 2154
 8449
 9580
 1598
 6044
 6599
 7812
 5865
 5339
  442
 6783
 1805
 5229
 1498
 6601
 2516
 7404
 7100
 8427
 2582
 4967
 8189
 8281
 3681
 9340
 3367
 3801
 9152
 5160
 4326
 3094
 4954
 5140
 3544
 4102
 5991
 6085
 4392
 1157
 4834
 2230
 1044
 6568
 6532
 2994
  502
 7083
  767
 7507
 4315
 6847
 5022
  772
 1885
 6929
 7377
 6429
 1531
 4702
  697
 1650
 6433
 3400
 9689
 4129
 1308
 3067
 1529
 8500
  375
 3449
 7360
 4239
 6795
 9792
 8306
 2056
 6623
 1648
  312
 9528
 9101
 1629
 7075
 5604
 9551
 8883
 8486
 8960
 6690
  500
 8674
 8929
 8032
 4019
 7954
 3970
  117
 2494
 4506
 3175
 8595
 8372
 2650
 5969
 7519
 4600
  675
 3301
   97
 9247
 4396
 8804
 2131
 8236
  769
 6078
 7141
 7916
 1028
 7691
 9137
 5978
 7121
 4896
  873
 5123
 6656
 7478
 9640
 9485
 7112
 8014
 1566
 9282
 2027
 7293
 8920
 3896
 8453
 8834
 7430
 9574
 9210
  741
 5809
 7199
 3927
 7600
 1737
 1680
  576
 5994
 3314
  793
 9293
 8854
 3823
 1593
 6148
 9476
 5471
 3232
 6335
  784
 5299
 8086
 8653
 2976
  968
 4997
 7510
 5145
 3020
 1699
 1689
 3500
 2560
 3359
 8343
 3062
 5697
  379
 7622
 6390
 8903
 8283
 7978
 5557
 3274
 4056
  926
 5818
 9240
 2409
 1591
 1248
 4596
 8219
 9778
 2710
 4525
 6403
 6024
 8423
 1945
 9410
 4653
 9774
  269
 6631
 5372
 6058
 6375
 8725
  322
 5610
  522
 8149
 3858
 3277
 2323
 8095
 9683
 7352
 6888
 5381
 2910
 5807
 2739
 9732
 6303
 3714
 9636
 4064
  349
 6037
 4920
  750
 7250
 4140
 3223
 1504
 8916
 5428
 3554
 9370
 9309
 8760
 7703
 2105
 1490
 3689
 7004
 3938
 2094
 7480
 8603
 1114
 9225
 9671
 1068
 6088
 6748
  768
 2013
 1716
 6195
 7912
 9786
 8945
 2021
 6745
  753
 5910
 5739
 1571
 9950
  845
 3685
 1115
  158
 7613
 1067
 3445
 9825
 3624
 4371
 6042
 9158
 9927
 8816
 1976
  417
 9346
 6101
 6867
 3480
 2427
 1765
 3008
 8605
 3867
 2693
 7451
 7086
 3606
 8159
 7256
 2460
 5089
 2201
 2236
 9659
 7138
 4011
 5231
 1977
  554
  405
 6237
 8565
 3482
 5330
 4234
  261
 5608
  538
 4332
 7696
 7421
 5037
 1303
 4318
 9606
 3577
 2604
 8543
 5423
 5425
 1508
 8061
 6239
 2008
 5921
 9305
  604
  228
 3601
 4051
 8168
 6339
 8171
 7375
 2261
 6468
 8081
 6742
 6465
 3011
 3532
 3615
 3983
 7874
 9145
  830
 3376
 4149
  104
 8082
 4255
 2020
 7325
 3667
 6878
 1206
 1570
 7637
 4097
 9602
 2110
 4922
 5362
 1496
 3294
 6033
 3124
  708
 6596
 2145
 3433
 2459
 4453
 5313
 1693
 7488
 9307
 7526
 6629
  705
 4413
 1711
 3654
 8187
 4528
 3333
 3484
 5407
 9771
 4307
 7711
 3188
 1801
 9994
 2668
 2307
 4340
 2731
 8505
 9226
  275
 9112
 9861
  986
 3244
 4651
 1387
 7973
 9694
 9952
 7212
  781
 9390
 5000
 1314
 5051
 5254
 2448
 4349
 1388
 3527
 2367
 2598
 3419
 9843
 2684
 6488
 9862
 2745
 2676
  449
 9445
 6096
 9259
 9913
 1503
 7997
 6608
 2137
 8272
 6199
 1704
 2846
 2457
  388
 8661
 2671
 6691
 8408
 1472
 8622
 3442
 1947
 6912
 8832
 1460
 4687
 3731
 2661
 9479
 1959
 2050
 7727
 2064
 2252
 2571
 3564
  197
 8245
 4240
 3137
 5801
 5121
 2325
 6667
 9084
  943
 8726
 9187
 7243
 3749
 2084
 5977
 2345
 8934
 1636
 8409
 8026
 5214
 4959
 9874
 6903
  124
 7056
 1919
  268
  848
 7128
 9364
 6636
 5947
 6834
 3978
 5754
 3530
 8094
 9092
 3994
 6926
 1402
 9872
  409
 9567
 3259
 7782
 8525
 2289
 5124
 7616
 3345
 6765
 9355
 7923
 2062
  832
 3686
 3710
 2832
 8889
 4105
  254
 4375
 5560
 3771
 9126
 9911
 8773
  953
   96
 9304
 9725
 1567
 4579
 1539
  411
 3372
 9829
 8655
 1405
 6139
 4799
 6108
 8877
 8332
 1089
  220
 1963
 8460
 9262
  559
 4803
 6708
 5872
  216
 3141
 8913
 1389
 4172
 1944
 8669
 6950
 9164
 1780
 2215
 6425
 2997
 8401
 1015
 9920
 7205
 5370
 9527
 1258
 6474
 9673
 9106
 2556
 2950
 1477
 6288
  761
 9980
 9136
 6741
 9765
 6378
 8938
 8045
 1311
 7055
 7990
 8077
 4994
 6815
  721
 8177
 7259
 5376
 7651
 3009
 1285
 6856
 4732
 5527
 8160
 2471
 6500
 6634
 1422
 3043
 6581
 2969
 6242
 8004
 5164
 9916
 5240
 7453
 5165
 9533
 8470
 8541
 8556
 3643
 2438
 3627
 9416
 6871
 6133
 2933
 9288
  570
 4775
 7126
 4008
 7063
  931
 8796
 7870
 1211
 5523
 8397
 9100
 5017
 1819
 1241
  515
 8785
 2936
 3160
 8297
 7037
  210
 4237
 1307
 9508
 1251
  829
  651
 8492
 8357
 1523
 8473
 7045
 9119
   94
 8697
 8467
 3722
 7410
 7861
 6780
 7025
 9010
 5186
 8626
 7932
 6555
 8880
 6975
  987
 4373
 9505
 1928
 3080
 7434
 2394
 5729
 7409
  390
 8623
 1980
  843
 8022
 2134
 6592
 4881
  962
  381
 1098
 1242
 2010
 9615
  116
 5561
 1325
 5196
 9832
 5180
 2951
 4348
 1725
 3868
 3810
 6412
 3001
 2464
 4754
 8074
 2881
 4062
 5416
 4853
 7357
 6865
 4665
 8782
 5487
 1484
 9376
 3297
  582
 1181
 9197
 9481
 2410
 3069
 5725
 9960
 1683
   13
 9807
  605
 4906
  534
 6901
 4430
 9351
  424
 6846
 1951
 7144
 8063
 8557
 2541
 4704
  839
 7712
 5039
 2065
 5413
 3515
 5066
 5571
 9963
 1444
 7299
 2117
 2626
 6370
 6275
 7411
 1182
  529
 9173
 4757
  565
 5526
 2883
 2709
 5844
 2183
 1557
 1112
 2446
 7001
 5394
 8780
 7831
 7676
 5396
  181
 4259
 4298
  319
 1918
 6398
 1921
 6435
 7624
 5541
 3522
 7157
  835
 7918
 5749
 3939
 5685
 4071
 5324
 2548
 8356
 8007
 3806
 5820
 7989
 5073
 3304
 1991
 8282
  468
 7251
 3870
 8701
 9037
 9691
 2678
 9138
 2393
 8156
 3572
  233
 3729
 8631
  797
 6958
 5152
 8527
  316
 4379
 9906
 9650
 4531
 5583
 1793
 1604
 1066
 9780
 6853
 7543
 9469
 9593
 2815
 5741
 8719
 8739
 8932
 2727
 9618
 9045
 3292
 2891
 6219
 5936
  179
 8036
 4835
 5139
 2939
 3017
 8786
  339
 2554
 9571
 7788
 1261
  422
 7805
 7169
 1634
 4182
 5771
 3470
  907
 3396
  795
 4986
  543
 5239
 1449
 1485
 9538
 6604
  686
 2774
 3923
 3425
 4760
 8943
 7541
 4079
   75
 3473
 5155
 3262
 8745
 4933
 9018
 9951
  438
 6018
 9729
 4570
   92
 4252
 1855
 6922
 4274
  763
 9433
 5787
 4718
 7872
 5400
 4523
 2076
 1702
 1331
 6319
 9942
 3241
 5293
 9348
 1923
 1406
 2219
 9174
 8981
 2449
 7511
 1250
 3111
 6215
 3358
 4270
 7182
 8654
 6306
 9052
 7443
 1517
 6136
 3879
 8320
 5426
 8700
 3973
 1271
 6190
 1071
 8080
 6113
 1048
 2492
 4268
 1426
 4203
  714
  736
 6046
 3719
 1796
 4811
 9534
 9389
 3849
 8523
 2342
 2581
 3319
 5038
 8247
  206
 1488
 5305
 2714
 1611
 2596
 3176
 9086
 6396
 9467
 2523
 8336
 2750
 1851
 1510
 7046
 4496
 4991
 5806
 1396
 9975
 4854
 8414
 9597
 7943
 2433
 4383
 8180
 4312
 3788
 1607
 6885
 8161
 6849
  671
 6818
 6460
  366
 3136
 9812
 1760
 5874
 8199
 6516
 1145
 6332
 3869
 9046
 4716
 4977
  726
 5599
 5514
 5926
 6566
 9664
 1465
 8132
 9142
 1638
 4002
 7759
 6245
  563
 4661
 5087
  855
 7353
 6977
  360
   55
 3791
 6336
  429
 6705
  663
 5508
 3084
 4440
 3439
 7042
  236
 1252
  528
 2272
 7961
 4949
 4863
 4642
 2751
 9836
 2403
 8950
 3437
 3343
 7137
 8885
 6315
 9791
 5117
 2274
 7257
  964
 8538
 2583
 8389
 6285
 4455
 8872
 8352
 5920
 7797
 5796
 2107
 1941
 6911
 3548
 2346
  102
 9910
 4040
  386
 1882
 9009
 1720
 1052
 8967
  263
 4436
 3040
 3056
 3756
  813
 2843
 4758
 3730
 7578
 4464
 7544
  393
 6917
 8302
 3193
 9130
 9379
 6884
 2839
  696
  660
  321
 3545
 4670
  903
  861
 9621
 7088
 8808
 3594
   89
  146
 4942
 8645
 4871
  733
 5441
 5701
 1580
 7214
 5076
 1382
 3723
 5770
 6531
 3269
 2472
 9665
 4837
 4756
 3123
 5331
 6980
 5713
 4883
 6486
 6830
 8790
 3743
 2222
 8134
 8814
 7607
 5577
 7187
  612
 6639
 9176
 2702
 9241
  869
 8083
 7330
 8502
 2542
 6462
 7700
 7911
 2500
 7849
 4107
 3605
 7415
 6655
 3344
 6310
 1222
 7856
 7030
 4004
 4261
 2442
 2429
 6817
 7463
 1243
 4200
 1329
 9578
 9498
 6857
 1902
 1158
  532
 7503
 4363
 8292
 2250
 8207
 6282
 1018
 9060
 7888
 5149
  826
 9763
  202
 2669
 4879
 6890
 5340
 8600
  272
 4082
 9499
 4346
 8100
 2820
 4673
 7752
 9513
 6141
 3399
 9250
 8428
 5959
 9299
  698
 7490
 8263
 3917
 3275
 5900
 5276
 9703
 8658
   41
 9167
 2353
 4253
 1059
   34
 3716
 7803
 4677
 5114
 4804
 9087
 9300
 9692
 4335
 3250
 6862
 2870
 7431
 7887
 2445
 3670
 4789
 4786
 2580
 5630
  251
 2952
 9719
 4166
 9948
 2150
 8365
 9387
 4744
 8946
 3149
 6374
 4000
  483
 3349
 7027
 7905
 2568
 7407
 3322
 8956
 8456
 5846
 7843
 3185
 7065
  389
 7985
 4010
 1418
 1036
 4482
 9377
 3106
 5605
 4001
 9378
 7614
 8961
 4386
 3633
 2902
 9990
 9568
 2305
  301
 6565
 9546
 5111
 9838
 8294
  803
 2248
 1938
 3813
 6068
 3047
 2761
 3820
 5700
  177
 4159
 6925
  599
 8092
 3693
 9297
 7948
 2466
 6089
 1160
 9120
 4980
 7639
 8196
 1578
 1550
 2023
 3767
 6067
 1305
 7784
  387
 8319
 9970
 8549
 6934
 2916
 9275
 3902
 6711
 4990
 8224
 1390
  510
 3305
  108
 1960
 8864
 3287
 1105
 2259
 5279
 2241
 9317
 5976
 8088
 3898
  654
 1129
 4365
 8687
 3977
 5044
 7176
 8758
 8353
 5745
 2090
 2335
 8630
 3972
 7529
 6698
 2484
 4752
  520
 1511
 4130
 8313
 4216
 7678
 4489
  231
 8983
 9982
 1132
 3960
 1518
 9935
 5873
 6916
 2132
 1063
 2338
 6180
 7233
 8530
 9769
 6963
 6744
 3361
 2720
 3641
 8269
 3873
 5393
 9186
 2234
 6103
 1128
 7826
 8723
 8777
 8089
 7835
 5085
 2974
 4146
 4260
 8992
 2648
 8491
 4832
 5625
 2785
 8338
 3073
 8715
 5310
 9468
 7981
 3759
 2190
 9759
 3511
 2515
 1274
 5200
 4273
 2700
 8349
 5937
 1931
 5309
 5735
  936
 7034
 7840
 3688
 8260
 3691
 4705
 8665
 9504
 7470
 1033
 4463
 3455
 6287
 7772
  739
 1466
 2330
 6640
 5241
  707
 5810
 1922
 6644
 8657
 4930
 6194
 6535
 4459
 2080
 6401
  970
 6063
 6158
 5566
 9734
 3338
 3201
  723
 7459
 2071
 1665
 9471
 5348
 4724
 3105
 9423
 3834
 5695
 9842
 8717
 3516
 9090
 7364
 4658
  133
 3884
 9681
 8831
  373
 4438
 3494
 5225
 1641
 1279
 1512
 8017
 6827
 4895
 1245
 7148
 2747
 3375
 7984
 5059
 1335
 8865
 9268
 9035
  969
  324
 6584
 8029
 6392
 5380
 7928
 3271
  207
 2591
 8819
 3071
 3744
 8271
 2122
  553
 3309
 7665
 3738
 4945
 9199
 2866
  441
 6820
 8133
 3284
 7638
 9627
 9393
 7615
 5356
 9184
 8489
 7734
 3110
 5401
 7439
 1958
 4794
 1841
 9876
 7709
 9698
 2628
 5871
 9630
 7939
 3182
 1758
 4574
  239
 2237
   79
 1469
 8770
 4546
 5657
 3935
  211
 4812
 5283
 9411
 3133
 6678
  881
 6453
 6491
 6735
 2309
 1012
 2053
 5819
  647
 1097
 5289
 9001
 5970
 1170
 6924
 3423
 4679
 5724
 6752
   77
 1787
 1562
 1775
 2246
 1412
 8917
 2543
   25
 2081
 4178
 1440
  957
 1401
 2333
 1505
 1715
 9573
 1543
 6627
 6000
 5018
 5698
 7842
 4845
 6894
 7387
 2708
 8069
 9198
  503
 8318
 9886
 4402
 2814
 9202
 5350
 2198
 5131
 4937
 6733
 8585
 1742
 9747
 5652
 7127
 2844
 2444
 9455
 1613
 8182
 3674
 7515
 1392
 9055
 9453
 7189
 9901
 6836
    5
 4882
  479
 9929
 9439
 6648
 2853
 2502
  432
 2168
 4935
 2577
 2899
 6858
 9385
  223
 1346
 2625
 1238
  800
  992
 8986
 6202
  792
 8329
 2115
 3604
 7343
 6887
  587
 2160
 3045
 7550
 2765
 8483
 8993
 7149
 7963
 9833
 5120
 8441
 1144
 7307
 1657
 9427
 5882
 7865
 3988
 7589
 5654
 5046
 6732
 6794
 5973
 2930
 4355
  611
 5374
 3102
 6424
 9603
 7844
 2003
 6694
 4699
 5836
 7739
 7333
 2382
 2413
 6313
 1499
 8339
 3518
 8694
 9827
 1172
 2611
 5663
  840
 4321
 1806
 9815
 7032
 5780
 1199
   37
 2308
 9541
 6145
 9215
 3191
 7402
 4388
 9831
 5453
 5903
 9586
 2455
 2940
 9474
 2579
 7779
 5210
 9723
 8586
 1603
 1029
 1478
 8510
 7580
 1956
 5655
 6685
 8941
 1074
 1799
 7875
 7971
 6055
 4666
 1694
 2425
 3231
 3799
 5637
 9893
 7853
 7641
 2798
 5296
 1522
 1879
 1569
 6725
 4685
 5287
 3334
 8672
   84
 6556
 4353
 3789
 6494
 8937
 2724
  580
 6013
 1726
 4840
 9219
 1695
 7509
 5031
 2296
 8286
 6269
 6784
 8971
 8130
 3996
 7044
 6806
 9560
 3668
 3012
 5919
 9428
 8514
  466
 1667
 8691
 9470
 1592
 1969
 6503
 2469
 1549
 8695
 1203
  129
 9682
 3508
 7010
 7023
 1467
  700
 8660
 3438
 8519
 4060
 8924
 9619
 4313
 1663
 4650
 1736
 5251
  527
 3068
 6362
 2743
 4192
 6588
 1055
 1818
 5576
 9562
 5048
 3727
 4998
 4562
 6688
 6278
 7036
 4068
 4038
 9643
  633
 8041
 1070
   85
 9634
 5024
 6569
 4981
 6279
 9135
  135
 3529
 9473
  898
 5341
 9274
 5598
 5081
 8927
  863
 2686
 3783
 7177
 8442
 6826
 4649
 6253
 7292
 7808
 9036
 7013
 7737
 2355
 1267
 2128
 4169
 4627
 7653
 7801
  980
 7631
 4706
 4219
 5337
 4302
 5719
 2857
 7380
 5250
 8296
 5845
 7693
 9733
 6544
 7310
 2749
 7393
 1254
 6898
 4324
 1786
 2599
 2396
  924
 1007
 2918
 5986
 8867
 9408
 4992
 8141
 2142
 1333
 1283
  751
 4278
 2518
 8463
 1214
 5911
 7692
  548
 8371
 5988
 8870
 3628
 8028
 3833
 7291
  404
 3467
 6477
 3979
 1417
 4281
  610
 2070
  579
 1438
 7295
 5261
 6084
 5682
 9661
 5650
 7288
 4993
 9228
 7569
 6990
 7346
 1054
 3354
  744
 5447
 6261
 3505
 2187
 9076
 7555
 3751
 6630
 4472
 1936
 3005
 5933
   43
 6431
 8071
 1381
 2059
 3829
   15
  851
 6548
 4961
  613
 9109
 9034
  241
 6956
 1288
 7517
 6920
 6276
 7670
 8114
 1620
 1766
 2227
 5917
 9320
 1606
  913
  544
 2014
 5479
 2546
 4505
 1748
 9239
 8857
  120
 3179
 2421
 3491
 6545
 3892
 8599
 5833
 9103
 7909
 3901
 9713
 9386
 9272
   21
 6921
 1247
 8651
 7472
 5323
  634
 7858
  655
 3993
 9067
   27
 4892
 3134
   58
 2663
 2513
 7540
 3380
 3709
 6266
 7455
 7469
 7660
 2905
 9789
 3581
 2691
 4419
 2031
  118
 4033
  637
 7851
 8051
 4764
 9069
   10
 9081
 9244
 2177
 3268
 1975
 8446
 9795
 1544
 6119
 8683
 5294
 7794
 1093
 8437
 6616
 1464
 3543
  296
 2520
 1292
 5823
 9311
 8774
  114
   62
 1658
 7657
 4589
 5875
 6233
 7467
 3041
 3298
 4538
 6511
 5744
  342
 5127
 6899
 4094
 3865
 4938
 8002
  625
 7164
 1453
 6317
 3675
 9171
 2443
 8742
 6774
 2485
 9223
 1234
 6206
 4655
 9441
 3239
 5897
 7566
 8845
 7365
 6243
  304
 5703
 9840
 9050
 3905
 2647
 3876
 9931
 5054
 6712
 3270
  361
 7015
 4672
 1306
 4675
 8232
 7122
 7003
 5717
 5158
 1299
 4323
  715
 7746
 2689
 6524
 2138
 1530
 2152
 1354
 3221
 7730
 3968
 9097
 6386
 6591
 4344
 7798
 3663
 5822
 3507
 6703
 3147
 5267
 8955
 8391
 7196
  593
 5404
 5532
 3461
 8844
  690
 8461
 4802
 1628
 1443
 1353
 4566
  134
 7280
 6621
 2171
 5792
 8650
 3540
 4880
 6776
 9877
 2406
 6602
 6720
 5636
 6091
 3458
 3986
 1932
 8732
 3796
 8223
 2670
 8208
 9701
 5377
 9475
 7708
 1893
 5923
 1344
 4361
  501
 1195
  418
 3528
 3839
 9446
 8396
 9519
 2694
 5095
 7418
 4176
 1223
 5980
 1023
 3215
 8323
 8108
 4841
 9231
 3711
 6540
 5244
 9937
 4842
 7084
 9544
 3963
 7522
 3075
 2125
 4350
 2287
 2331
 9660
 5686
 5065
 1965
 2738
 3589
 2762
 1156
 6394
  258
  125
  875
 5300
 6864
  212
 2007
 8304
 6027
 8214
 7667
 9903
 2737
  217
 2573
 1280
 6617
 6420
 1372
 2860
  747
 5832
 7242
 8614
 6882
 8839
 5912
 1814
 3786
  323
 6482
 8577
  486
 1618
 8756
 8279
 4013
 6618
 3266
 6040
  578
 5613
 6472
 5751
 4975
 9020
 6238
 1866
   39
 9132
 6653
 1111
 1751
 5544
 5194
 5382
 3503
 9025
 6643
 2404
 8303
 4199
 1868
 3033
 5153
  956
 2041
 7239
 7820
 6492
 1899
  298
 1915
 2314
 3028
 2847
 3327
 5621
 4547
 3086
 4429
 9529
 7429
 8327
 1010
 3899
 6679
 7385
 6756
 9349
  991
 2655
 8248
 9206
 5982
 8574
 9881
 4360
 8761
 7210
 8382
 4039
 3838
 9181
 7085
 2478
 1184
 6229
 5690
 9885
 5205
 2954
  191
 3168
 7969
 7732
 4809
 4451
  815
 4096
 1487
 3394
 8731
  257
 6615
 6982
 9064
  136
 2871
 5848
 9238
 1981
 3987
  629
 5446
 2186
 1983
 3109
 6586
 7598
  403
 8390
 7955
 9266
 7247
 4449
 1823
 8962
 9287
 7886
 7051
 2615
 4526
 9366
 8379
 5436
 3737
 4520
 1731
 5634
 8829
 8757
 7495
 8771
 5427
 3227
  827
 9434
 5391
 6902
 4009
  567
 1854
 4530
 6683
 8220
 6181
 6149
 8781
    3
 7879
 6978
 8747
 2127
 7907
 7548
 4669
 3715
 4619
  920
 6197
 6517
 2422
 5777
 8609
 2636
 8046
  208
 7957
  458
 4205
 9276
 6666
  290
 9017
  822
 8775
 1847
 8922
 4636
 4859
 7823
 5480
 3212
 9908
 5752
 6226
 5286
 5656
 4037
 4586
 3781
 5618
  215
 3181
 6221
 1837
 3843
 5945
 8438
 5740
 7002
 6201
 5960
 6372
 8073
 9306
 8813
 9347
 6478
 5802
 7728
 9878
 3096
  497
 9559
 7781
  219
 1812
 7107
 6163
 3209
 6393
 5688
 1970
 8308
 3052
 5142
 8912
 4604
   83
  568
 7623
 4594
 3408
 2226
  642
 2841
 6770
 2588
 2432
 1053
 3866
 3669
 7080
 6570
 2809
 2989
 1150
 2447
 3154
 6962
 1094
 1666
 7822
 3914
  833
 9253
 6559
 7049
 4647
 5516
 4042
 1334
 1797
  363
 7289
 1268
 6111
 7074
 6557
 9813
  248
 2336
 2740
 1300
 9741
  428
 9959
 5288
 6254
 7062
 5212
 7194
 3377
 2055
 2315
 6388
 7234
 3243
 2717
 9817
 4439
 8517
 8531
 6819
 2368
 7244
 4065
 8528
  406
 6309
 2547
 9639
 4339
  945
 3926
 2937
 8175
 9356
 4432
 6907
 1339
 9264
 1138
 6947
 1035
 5775
  437
 8198
 6153
 2285
 8378
  163
 8670
 1364
 5373
 2136
 5737
 8882
 3448
  630
 4944
 5667
 8035
 9233
 3235
 2292
 2922
 7627
 1917
 5668
  589
 2990
 7518
 4512
 6459
 3954
 1968
 8638
  193
 1226
 7318
 8098
 4418
 2923
 4583
 8268
 5990
 5314
  853
 5112
 9783
 8888
 9395
 2551
  847
 3707
 9712
  540
 9091
 4731
 4622
 8157
 7977
 4815
 7838
 5433
 7553
 6200
 7456
 1840
 1597
 5665
  457
 7412
 8009
 6837
 1986
 2859
 8034
 1577
 2079
 1857
  195
 2470
 6127
 6090
  771
 6763
 9123
 1701
 2398
 7890
 3519
 1104
 9654
 4425
 6931
 9776
 6808
 2595
 2426
 9880
 8218
 3860
  558
 2452
 4982
 4256
  711
 4072
  764
 6946
 8878
 5002
 5939
 3910
 4391
 5793
  166
 2900
 6080
 7830
 9094
 8893
 5842
 1358
 9089
  394
 9281
 8997
 4329
 5687
 5961
  237
 7484
 2656
 9153
  420
 7191
  155
 7699
 7131
 8440
  742
 3851
 4212
 1154
 3734
 8146
 7097
 7134
 6144
  192
 8606
 4634
 7895
 9354
 9493
 9044
 8317
 8769
 5784
 5884
 5238
 4201
 2075
 4787
  265
 8740
 1278
 3061
 2961
 3852
 5743
 9048
 5979
 8148
 1908
 6409
 8200
 3385
  531
 7783
 9748
 2480
 7009
 1452
 1565
  791
  551
 9855
 9022
 2087
  619
 2705
 8265
 2744
 4915
 7163
 9823
 5353
 6550
 7796
 7024
 5179
 5151
 2211
 4536
 5553
 5501
 2643
 6610
 9118
 3824
 6816
 6140
 8192
  666
  530
 5759
  315
 4776
 9672
 3335
 1974
 3883
 5678
 3038
 1601
 7787
 4075
 3248
 4497
 6062
 9406
 5761
 8575
 7111
 1810
  555
 1130
  218
 2781
 5078
 5996
 3662
 1973
 5495
 3312
 8188
  948
  886
 5835
 4458
 8278
 1572
  222
 6966
 1462
 5718
 7414
 2854
 3116
 9540
 4243
 6452
 9308
 1409
 9230
 9102
 9154
 1852
 4533
 5402
 8084
 8126
 3306
 5896
 8702
 9207
 6114
  354
 7285
 7358
 7048
 4833
 8706
 7320
 3602
 5334
 4535
  616
 8776
 9291
 7893
 7682
   40
 9535
 9061
 7336
 8370
 3479
 4016
 8186
 6056
 9879
 8333
 9059
 9195
 4797
 2782
 6976
 5292
 3506
 3682
 4820
 9859
 8748
 7590
 4976
  533
 6428
 7500
 7203
 9353
 3023
 4644
 5595
 3571
  525
 6469
 3872
 7940
 6130
 6252
 7172
 1698
 4555
 7864
 6528
 3841
 3758
 1463
 6893
 8954
 6466
  447
 4112
 4689
 1363
 1330
 4577
 2935
 6669
 1302
  430
 2525
 4792
 1794
 8743
 5019
 3074
 9794
 3489
 8425
 1997
 1803
 8828
 1876
 8417
 3818
 8275
  667
 3863
 5895
 5602
 7374
 6996
 7262
 3790
 6689
 4873
 4471
 4890
 8524
 2837
 5277
 4327
 4747
 9873
 9641
 3928
 8300
 3559
  995
 6737
 6189
 1041
 8988
 3945
 3469
 6123
  919
 4552
 6454
 5734
 3746
 5216
 5055
 1117
 8147
 7731
  716
 8099
  368
 8465
 8407
 8448
 3000
  600
 5236
 4721
 1103
 5963
  639
 3183
 3951
 7891
 2147
 2264
 3855
 2343
 3353
  378
 4330
 1461
 2025
 7437
 9319
 3336
 7359
 5549
  504
 1957
 9172
 6959
 1290
 6256
  602
 4044
 8817
 5521
 7644
 1289
 3029
 1630
 5949
 7401
  859
 7885
 6421
 8939
 4917
 8359
 5016
 1831
 1475
 6542
 4715
 6028
  745
 7979
 2399
 2909
 4336
 6346
 4910
 6897
 8852
 9646
 9047
  419
 8047
 3640
 9656
 2569
  508
 5710
 5952
 1887
 3146
 7124
 5651
 2156
 7491
 3475
 2768
 1615
 9237
 8764
 1317
  478
  828
 5992
 8360
 2772
 2085
 8907
 7949
 8560
 2563
 6010
 4912
 1084
 4390
 7771
  224
 2822
 7135
 3661
 2755
 9150
 4193
 7632
 9890
  440
  413
 8163
  128
 5143
 8257
 4830
 8705
 6323
 5584
 2601
  107
 8919
 8322
 3088
 8926
  273
 6463
 9191
 3481
 5083
 6987
 5079
 2645
 6038
  490
 1253
 8759
 2711
 4045
 9096
 2002
 5228
 9156
 9452
 6321
 1336
 9895
 5965
 8818
 6480
 4003
 8016
  706
 4862
 8475
 3947
 6766
  958
 3440
 6638
 5855
 8553
 8120
 1768
 5470
 2344
 2488
 6134
  456
 4973
 3676
 4713
 1719
 6676
 5559
 9339
 7317
 2852
 7827
 1934
  891
 6377
 2855
 5815
 2552
 9949
 1541
 9066
  699
 6835
 2321
 9695
 4320
 2153
 1745
  300
 8830
 5672
 8923
 4514
 7221
 2685
 3920
 9696
 5964
 7901
 4955
 4279
 8422
   95
 9381
 7384
 1619
 2229
 9429
 1568
 2748
 4958
 7563
 6347
 6410
 2962
 3360
 7811
 6799
 5249
 1379
 5098
 1724
  356
 4979
 2834
 6614
 6172
 7306
 9553
 2644
 8987
 9924
 7308
 9343
 8424
 9162
  562
 6960
 4576
 5397
 2584
 2263
 7763
 2487
 6026
 4779
 5302
 1654
 2830
 4703
 2999
 7672
 9077
 3421
 1008
 9258
 7114
 2799
 9419
 7698
 7725
  557
 4503
 4334
 6117
 9486
 9234
 1069
 3210
   48
 5498
 8048
 2578
 5469
 7486
 9477
 1850
 9841
 1988
 6675
 2606
 3238
 1904
 5355
 5617
 3378
 9450
 1594
  780
 4852
 9979
 9071
 9704
 4090
 1734
 9676
 4911
 3468
 2280
 2867
 3614
 2618
 1095
  526
 4457
 8664
 9781
 4529
 2524
 1642
 5676
 7900
  729
 8405
 1123
 6476
 3847
 1322
 5642
 2754
  790
 9245
  728
 5096
 1526
 8506
  796
 3115
 3567
 9892
 5351
 4746
 9451
 3079
 7599
 6582
 4674
 4894
 8996
 3757
 2419
 7919
  577
 6852
 6066
 9598
 7192
 4389
 4461
 9031
 1356
 8860
 5224
 4561
 8863
 3487
 5550
 1435
 2366
 5345
  689
 2401
 7761
 3290
 9314
 1457
 4041
 4258
 8925
 6097
 5543
 2039
 7324
 1421
 6159
 6045
 3302
 8690
 2195
  552
 6094
 4023
 2324
 9830
 7669
 6107
 1662
 3148
 5537
 6481
  684
 8989
 2576
 2370
 3371
  743
 4317
 9635
 3492
 1809
 7718
 7396
  668
 1729
 2988
 5472
 7039
 2511
 8678
 1002
 6762
 9625
 2806
  391
 3925
 6755
 5569
 4263
 4306
 5442
 4399
 5971
 6234
 9021
 1774
 6779
 4793
 9056
 7355
 6496
 6222
 2148
 5465
 4155
 8042
 7466
 9483
 5905
 5033
 4897
 4681
 9515
 6142
 6104
 2590
 7747
 2778
 3214
 2281
 8324
 2651
 8708
 8008
 2721
 1340
 9093
 3700
 9867
  506
 7417
 2095
 3386
 4163
 1277
 3159
 8990
 5329
 6273
 7596
 8853
 2585
 9616
 8488
 3317
 2775
 9418
 9699
 8564
   90
 2966
 6249
 9248
  857
 8277
 7082
 8096
 2497
  423
  536
 5461
 4460
 1712
 3536
 5918
 7626
 6869
  397
 1147
 8611
 3712
 2653
 7198
  549
 4454
 8097
 9670
 2316
 2921
 2995
 3019
  808
 9224
 6731
 4641
 2927
 5767
 8499
 6003
 1859
 8810
 9315
 8953
 9157
 6413
 3242
 8129
 4617
 6521
 3880
 7970
 5954
 4762
 1122
 9835
 9710
 1407
 7399
 4957
 1867
 7605
 1914
 8905
 1579
 4750
  895
 1987
 1031
 3846
 9850
  740
 6543
 6223
 6043
 1926
 2610
 7366
  200
 6151
 5421
  864
 2369
 7153
 1201
 8472
 5779
 2458
 6150
 8649
 6620
 6661
 4545
 3696
 7953
 3066
  572
 1645
 1079
 1750
 8450
 5185
 9802
 8354
 4733
 1930
 5384
 9716
 9341
 4712
 7579
 6445
 6605
 6001
 7546
 6448
 9313
 7173
 9491
 1815
 3347
 3256
 8266
 5768
 2907
 7640
 1723
 5235
 1681
 8174
 8093
 8237
 9752
 8145
 3366
 3050
 6519
  284
 2607
 9555
 5694
 6607
 5133
 3579
 1903
 1141
 3811
 3483
 7663
 5064
 6558
   49
  396
 3441
 7332
 1081
 2634
 1366
 8977
  789
 6952
 9677
 7253
  884
 7689
 3118
 4635
 6381
 1176
 4857
 5036
 5534
 7014
  402
 8522
  244
 1697
  523
  425
 6251
 5538
  325
 6143
  841
 5452
 8799
 7547
 2810
 5161
 6075
 5592
 1272
 2529
 8484
 4468
 3021
 4089
 5475
 7269
 1374
 6497
  624
 3784
 4694
 9488
 2791
 6132
 5159
 5626
 4249
 6173
 7316
  846
 3777
 9462
 2794
 6422
 1215
 3346
 1671
 7992
 7154
 1359
 9599
 8000
 7069
  482
 2716
 8135
 6699
 9992
 5173
 8663
 1769
  292
 8710
 9525
  591
 9415
 6989
 3048
 6423
 3795
 8115
 2850
  899
 3943
 1419
 2574
 1397
  879
 2805
 7505
 6009
 2681
 7952
 7807
 3800
  213
 5972
 9583
 4902
  464
 7367
 3991
 8838
 6572
 4154
  758
 3390
  157
 8572
 9033
 7606
 2769
 7213
 2339
 3798
 8642
 6900
 1177
 2091
 2973
 9558
 1220
 4206
 4194
 5222
  933
 3793
 5950
 3139
  732
 2506
 2078
 8258
 7184
 4597
  401
 4466
 6047
 9218
 5177
 5750
 7686
 6760
 8471
 7068
 1017
 1233
 8301
 2612
 5993
 2514
 6995
 4251
 8373
 5788
 8239
 3397
 4275
 1589
 7950
 2365
 8978
 5607
 1000
 4872
 1326
 2987
 1600
 2431
  730
 7274
 4410
 4855
 3534
  932
 1913
 3315
 1153
 5005
 9074
 5753
 5150
 3773
 3753
 7690
  459
 9148
  709
 8087
 8243
 2238
 3320
 3166
 6183
 3874
 9402
 2045
 2101
 8240
 8850
 9542
  586
 9589
 7677
 5308
 9688
 5999
 7972
 5211
 2224
   63
 7104
 1149
 9543
 1056
   65
 8891
 8350
 3063
 5230
 5290
 4628
 6376
 1985
 6728
 8958
 2149
 8184
 2032
   52
 3694
 8121
 5405
 7038
  825
 7521
 9049
  453
 7896
 1124
 8386
 2210
 2423
 2819
 3915
 6305
 4508
 7815
 3051
 8976
 2337
 2845
 2196
 4177
 3779
 9981
 3198
 9715
 4581
 4431
 9053
  101
 6301
 1875
 6357
 5938
 3064
 8985
 1491
 4244
 4358
 3859
 1341
  392
 2051
 7934
  922
 1352
 6753
 2760
 9658
 4490
 2203
 1273
 7323
  831
 7424
 6951
 6244
 2120
 2527
 4951
 8290
 7920
 5499
 2517
 3976
 9993
 3755
 3514
 3856
 8312
 2531
 3881
 4179
 8999
 6192
  915
 8452
 9522
 5924
 9125
 6017
 4296
 9511
 8610
 6102
 8346
 4931
 1777
 9303
  718
 6021
 4889
 9487
 5763
 1894
 8637
 2194
  535
 5776
 9675
 2609
 7168
 5088
 8898
 8399
 3717
 2736
 4022
 7862
 8406
 3286
 5692
 4844
 7697
 1362
 3282
 4582
 1131
 6889
 4265
 6942
 9837
 9254
 9189
 2913
 4487
 4088
 7567
 9133
 4807
  620
 3853
 2879
 3326
  358
 8749
 4053
 8347
 3004
  303
 2026
 7021
 6673
 7765
 4191
 1773
 8532
 1770
 1532
  355
  802
 8908
 4693
 3417
 4963
 6751
 7819
 3024
 3444
 3119
 2179
 4684
 8361
 3476
 2729
 9193
  345
  713
 9139
 6081
 5762
 7588
 6768
 2232
  209
 5496
 9261
 9116
 5540
 2572
 6786
 4401
  856
 3283
 6365
 2302
 3101
 7710
 9015
 7743
 2462
  100
 2780
 8104
 3621
 4950
 5026
 2807
  561
 4638
 6598
 2975
 5966
 3687
 8117
 9651
 2589
 2077
 5014
 8005
 2803
 7525
 7178
 2884
 4928
 8811
 3639
 7368
 7494
 9312
 7179
 2371
 7845
 4494
 1259
 7382
 3278
  190
 9623
 2508
 1237
 1441
 7684
 4867
 1276
 9740
 4063
 1057
  569
 4701
 7576
 6299
 9575
 4989
 3502
 5548
 9550
 1316
 7227
 6533
 1889
 4446
 2526
 3770
  674
 7373
 1187
 8948
 5974
 8462
 1643
 4445
  291
  746
 1428
 2384
 9514
 7594
 7392
 2102
 4851
 6612
  180
  299
 6805
 1691
 9011
 1575
 3941
  333
 6525
 4293
 2654
 3240
 6579
 3477
 6171
 5684
 7193
 6927
 1551
  132
 5799
 3230
 3875
 4569
 4248
 6360
 9669
 9302
 5723
 6389
 8641
  162
 5463
  941
 9722
 2758
  144
  362
 9871
 8617
 6534
 1101
 4220
 2434
 8873
 6499
 6217
 3077
  398
 4444
 7770
 8894
 8558
 2619
 7758
 5902
 5144
 4190
 5266
 5077
 4047
 3202
 8173
 5061
 5167
 3072
 3245
 4161
  657
 3608
 4516
 7423
 5418
 8741
 7118
 4012
 2862
 8569
 6456
 1119
  234
 9569
 5203
 2519
 2996
 6161
 5263
  748
 7218
 7983
 9310
 8772
 3769
 6554
  343
 2633
 2178
 3966
 9494
 2173
 3108
 1703
 6341
  293
 4078
 2218
 2320
    7
 7142
  927
 2121
 4591
 5270
  757
 5082
  201
 9796
 8202
 2247
 3930
 8435
 8204
 9008
 5484
 6700
 3189
  774
 6167
 9576
  814
 7837
 4447
 8516
 5581
 1110
 5827
 3273
  692
 1291
 3032
 8231
 7283
 1677
 6489
 9526
 2509
 2495
 7207
 8587
 3697
 9204
 7089
 2249
    4
 3451
 5632
  340
 3411
 2207
 1380
 7337
 4618
 9256
 8633
 4117
 5325
 9292
 4424
 5028
 7481
 6551
 8172
 9334
 2143
  885
 3099
 8534
  262
 3383
 1446
  912
 3547
 5962
 6603
 2640
 4556
 4985
 6642
 1429
 9417
 1759
 1367
 1563
 6702
 8897
 2699
 3649
 8847
 5451
 1802
 4603
  431
 8800
 6070
 8106
 7817
  977
 4631
 9054
 8963
 6522
 8433
 9027
 3701
 7464
 1752
 2735
 3424
 7070
 2486
  703
 2067
 6970
 5565
 7186
 8110
 3034
 4751
 5450
 2977
 7287
 3565
 6441
 3351
   81
 6224
 3187
 3713
 5431
 4368
 1548
 5491
  281
 9548
 7331
 4700
 6204
  951
 5256
  889
 6730
 8933
 3695
 5130
 3272
 4825
 4366
 9728
 2726
 3632
 5128
 8307
 3569
 1817
 5545
 1877
 5720
 5811
 2239
 9425
 1135
 4174
 8190
 8387
 7523
 6241
 9773
  230
 6938
 4283
 9151
 6048
 7376
 2334
 6131
 7878
 1086
 3551
 9552
 3673
 7147
 5862
  264
 4400
 2665
 2824
 8788
  727
 3465
   11
 1100
  247
 8848
 6791
 4067
 9891
 3782
 5361
 5278
 8890
 6505
  904
  560
 4838
 2174
  810
 1416
 7795
    8
 2362
 5490
 4729
 8194
  737
 1790
 4118
 4027
 7215
 1410
 4524
 4435
 9327
 4165
 2621
 9422
 2350
  868
 1813
 3055
 3908
 8140
   50
 8023
 5727
 4521
 3531
 8767
 8298
 7775
  255
  765
 3126
 4124
 3555
 9736
  824
 1246
 5207
  287
  673
 2773
 8901
 3163
 4813
 9004
 3402
 6800
 2538
 4164
 8795
 8712
 6587
 5007
 6029
  631
 4262
  892
  487
 3933
 6859
 6964
 8859
  918
  564
 6793
 2402
 9839
 4450
 8170
 5824
 9128
 6015
 9727
  712
 1256
 2741
 1804
 2887
 3446
 1576
  335
 8809
 6502
 8711
 2035
 8197
 7216
 3352
 1901
 3164
 2622
 5671
 9798
 8803
 3568
  939
 1408
 9484
 3172
 7552
 1949
 8024
 5204
  370
 1622
 4766
 9608
 6539
 8699
 5126
 9991
 1995
 7998
 1004
 7272
 5904
 6473
 8718
 7422
 8479
 7554
 2436
 6071
 8252
 8841
 9808
 8802
 3683
  122
 4080
 7483
 2915
 5408
 2970
 3178
 5494
 4299
 5712
 1420
 2680
  199
 4970
  313
 6823
 7372
 5542
 2397
 2586
 7736
 7959
 6405
 3337
 3036
 7369
 4422
 7577
 2018
  277
 8806
 8644
 8671
 4111
  496
 5648
   47
 7270
 5509
 4223
 2895
 2892
 4099
 4196
 6593
 3535
 3932
 8902
 5706
 9851
 2270
   44
 4367
 9523
 7043
 6110
 5573
 5675
 7791
 2099
 8209
 1825
 2332
 8430
 9294
 4426
 3129
 2299
 8874
 4185
 6935
 4773
 5011
 3840
 6718
 5378
  597
 7915
 4907
 9976
 2849
 3825
 1626
 7586
 5515
 3814
 3158
 3208
 3890
 9705
 9331
 2553
 1717
 4517
  514
 3785
 9848
 4527
 2220
 8102
 2687
 8837
 8215
 7921
 6759
 9596
 7071
 7946
 5232
  594
 4235
 4740
 6025
 5412
 5517
 8226
 9478
 7757
 2016
 7619
 7680
 3877
 5916
 7436
 8588
 8728
 9185
 5957
 6437
 4036
 1442
 4057
 5829
 9613
 9140
 8155
 8142
 6016
 9278
 4759
 3510
 9594
 7006
 7532
 5255
 7140
  161
 7913
 9194
 6913
 9437
  981
 2060
 7668
 1979
 8545
 2327
 8675
 9200
 5090
 7968
   60
 3374
 1905
 3493
 5941
 2376
 4070
 8820
 3369
 8722
 3107
 9711
 6059
 7266
 9382
 3092
 9946
 7741
 5774
 1990
 9644
  332
 7053
 6446
 3308
 4925
 6235
 6426
 9043
 6523
 2732
 1328
 7562
 7081
  225
 1971
 5641
 4805
 4553
 1800
 3022
 3705
 5383
 2549
 2544
 7388
 6796
  121
 6649
 2559
 8584
 5578
 1399
 6993
 9285
 2719
 7060
 5841
 1087
  622
 2033
 3413
 3237
 9375
 5951
 5624
 3389
 4158
 5245
 6265
 3660
 8594
 6449
 2496
 6361
 5529
 2389
 8068
 8632
  175
 8181
 9122
 5040
 3735
 2863
 9012
 1728
 9730
 3253
  260
 1892
 8647
   12
 3984
 8730
 8123
 3342
  670
 7857
 1202
 8947
 7786
 7362
 5347
 7658
  908
 3205
 1083
 5840
 3054
 9465
 9668
 7753
 8109
 7371
 9875
 6060
 1197
 6093
 1640
  410
 7892
 4515
 4123
 5052
 5587
  942
 4584
 8521
 7612
 8734
 7502
 8481
 8075
  934
 7284
 4861
 3656
 3357
 4869
 9435
 4222
  683
  364
 6354
 9996
 1373
 1821
 8825
 1753
 6944
 1627
 3497
 8476
 5987
 2713
 4308
  967
 9407
 1476
 4995
 1319
  369
 2451
 9988
 6624
 4610
 4923
 1920
 5589
 2253
 1075
 8153
 5522
  509
 6168
 1583
  844
 7636
 1257
 5913
 3706
 2505
 7780
 8827
 9298
 2352
 4145
 4286
   46
 8798
 6895
 7219
   64
 3100
 6125
 2475
 5847
 2707
 6475
 9768
 3857
 7646
 6501
 7363
 7894
 6997
 1085
 5669
 4816
 3403
 8262
  365
 3725
 3616
 5010
 6379
 9945
  901
 1520
 7188
 9764
  644
  331
 2283
 8127
 8868
 6308
  320
 1062
 9083
 9953
 5596
 1365
 4543
 5816
 1870
 5485
 8613
 7513
 8205
 6268
 9041
 3752
 5932
 2771
  623
   93
 6969
 5886
 3897
 4632
 6348
 6686
   18
 1125
 4434
 6041
 3457
 4908
 6086
 6019
 2088
  137
 5390
 5702
 8058
 4209
 6263
 8940
 5119
 9443
 5564
  601
  902
 3288
 7301
 7311
 8899
 7076
 7185
 5772
 7473
 4575
 9085
 4768
 2510
 4560
 4267
 8444
 7096
 8070
 6738
 8973
 7704
 6187
 1625
 1561
 8581
 5680
 4501
 1106
 2424
 1038
 1545
 1582
 1315
 7654
 6384
 4483
 6717
 3831
 2258
 4014
 3228
 4697
 4168
 6595
 9269
 8952
 8966
  894
 9787
 6553
 1050
 9700
 5711
   33
 7238
 9784
 4965
 5009
 9870
 5113
 6115
  494
 5851
  701
 2641
 5298
 7935
 2329
 3599
 8419
 2667
 8965
 5878
 1415
 3754
 3085
 3247
 4180
 1090
 4310
 5328
 5765
 4826
 5503
 2928
 2842
 1190
 6719
 3027
 6069
 5080
 4151
 1516
 8059
 4465
 1746
 8879
 4452
 6077
 4932
 2097
 5049
 7898
 4384
 4940
 1767
 7094
  834
 5640
 4711
 5259
 5715
 9772
 5457
 1807
 5012
 4152
 6936
 8415
 9750
 7171
 6289
 2176
 8688
 7568
 8431
 8652
 4493
 9500
 2877
 9907
 6255
 1459
 2570
  178
 1393
 4378
 6137
 2957
 3324
  348
 3151
 7379
 8143
 4522
 8596
 5440
 4629
 3864
 2864
 6408
 5795
 2383
 1644
  214
 8274
  226
 5660
 7694
 1151
 5574
 3916
 6881
 2260
 2440
 6162
 1900
 7174
 1482
  443
 1456
 7729
 1590
 3422
 8238
 9332
 3060
 8571
 8910
 3680
 6328
 1492
 3512
 3310
 4624
 8458
 9002
 5579
  952
 8416
 7378
 2532
 9797
 8639
 8001
 3434
 7339
 7300
 4741
 9820
 8310
 5367
 7416
 1688
 3174
 8072
 5260
 3025
 8315
 2300
 7305
 8328
 8787
 5659
 4723
 1030
  308
 3556
 8033
 8676
 7428
 3911
 8043
  786
 6121
 6325
  380
 4187
 5736
 3999
 1756
 3478
 8090
 9117
 1684
 2823
 7800
 7078
 7340
 2944
  754
 5252
 1168
 4904
  944
 7471
 1779
 5570
 5894
 5504
 8526
 3224
 8270
 1204
 1282
 7828
 1632
 8227
 7195
  427
 7869
 4829
 2901
 8607
 6998
 3104
 7962
 4202
 6274
 3387
 2265
 2602
 6883
 5547
 8824
  946
 1639
 1705
 5502
 1384
 9590
 5094
 9966
 6529
 3395
 9279
 4987
 6968
 7719
  481
 3311
 7931
 1954
 5946
 4858
 8085
 9509
 6611
 2956
 8183
 7868
  350
 6391
 5369
 2616
 7941
 4127
 5766
 3832
 3035
 9897
 7007
 1696
 9674
 3418
 2753
 5464
 9858
 4568
 1493
 5567
 6307
 8915
 3318
 3780
  154
 8018
 4017
 2642
  150
 1998
 7381
 2231
 5798
 9758
 9110
 1320
 5458
 9466
 1337
 3638
 2244
 7477
 5830
 1972
 9914
  205
 3591
 3258
 8176
 2637
 9622
 8601
 2437
 6645
  318
 7408
 1916
 5797
 6083
 8351
 5500
 8709
 1495
 4846
  888
 5291
 2311
 3405
 3630
 6811
 3128
 3982
 9436
 1674
 6538
 9456
 9595
 5953
 1078
 4849
 3300
 8494
 9805
 4630
 5163
 9592
 1431
 5826
 9638
 6450
 4420
 4356
 4210
 7155
 4939
 1556
 5102
 4025
 9350
 4929
  646
 7883
 8918
 4893
 2925
 1212
 7564
 8040
 9421
 2140
 5907
 4836
 7938
 9983
 5338
 5435
 2759
 2019
 2304
 1939
 4887
 5053
 6860
  588
 5623
 6810
 1721
 7079
 7345
 3760
 6471
 7512
 7091
 1946
 9213
 4646
  279
 7273
 1046
 1558
 3276
 9384
 3453
 5558
 7150
 5497
 9180
  460
 2208
 3809
  326
 3416
 9570
 4428
  635
 9374
 3339
 3150
 8206
 7105
 7231
 4106
 7679
 4593
 9957
 9397
 7129
 4133
 4319
 4772
 9006
 7531
 1013
 7113
 7608
 2072
 8295
 2536
 3197
  849
 5908
 8019
 7750
 3233
 4558
   53
 5199
 1189
  837
 2157
    2
 6457
  489
 3427
 8578
 9941
 2692
 4696
  372
 8439
 4708
 8299
 9323
 6665
 9554
 7760
 4197
 5696
 3018
 4537
  294
 3607
 7871
 8474
 8311
 5834
 1735
 2992
 3889
 8195
  289
 6693
 2786
 1862
 2262
  524
 8784
 9458
 4250
 6329
 9814
 6407
 6677
 3280
 8233
 3373
 2267
 7501
 8703
 3664
 5172
 9834
 7022
 7398
 7236
 8597
 3401
 9155
 9115
 1993
 1051
 4822
 6750
 3452
 9170
 4427
 5958
  785
  542
 2135
 5136
 3450
 2477
 7479
 8251
 7535
 9925
 6954
 1896
 2652
 7151
 4086
 4100
 4614
 3192
 4173
 7327
 2943
 5021
 1231
  585
 5306
 5223
 6992
 2474
 2319
 9649
 9964
 1655
 8477
 3524
 7793
  978
 9105
 7403
 5922
 6304
 7777
 3435
 3819
 4563
  399
 3958
 4469
 1343
 5773
 5481
 3279
 9321
 8737
 2245
 8849
 8508
 8490
 4978
 8154
 2767
 7454
 7106
 1047
 3488
 9633
 3321
 5460
  988
 1064
 2698
 1423
 6438
 2108
 9629
 2169
 5804
 6105
 7338
 4131
 5157
 5619
 9761
 1754
 3180
  976
 2550
 8457
 9024
 5069
 7925
 2221
 6337
 5268
 1425
 5478
 7206
 7721
 4153
 2415
 1927
 9179
 6714
 4266
 4969
 6635
 6575
 7143
 2894
   61
 5115
 1164
 4645
 9205
  480
 5248
 8551
 6736
  627
 3044
 6848
 1925
 1281
 5611
 4351
 5927
  455
 9585
  965
 8547
  499
 5510
 5519
 1136
 5530
 4479
 1878
 5182
  152
   72
 5191
 7223
 1907
 2363
 1179
 6447
 6597
 5677
 9271
 1966
 2593
 4030
 1159
 6198
 2124
 9005
 8512
 8692
 2243
 3620
 6704
 4608
 8861
 8685
 2113
 3557
 8964
 7240
 1436
 7832
 1142
 5269
 4633
 9847
 3113
 3042
 6236
  806
 5109
 6578
 2752
 5670
 1162
 3264
 8316
 4108
 9273
 4433
 5606
 7975
 5898
 3007
 7986
 3218
 7617
 3990
 6513
 5434
 3595
 1757
 6807
 7058
 1361
 3980
 6782
 8434
 7560
 9956
 3323
 7618
 8752
 3404
 6352
  584
 8225
 2213
 9211
 4257
 7767
 1933
 5931
 9857
 6520
 5227
 9143
 9738
 5760
 7514
 1595
 2696
 6563
 2982
 1891
 7029
 4541
 5635
  336
  454
 5856
 1275
 4076
 3370
 1171
 2286
 4156
 5929
 7671
 2575
 5877
 5511
 5662
 3692
 7119
 5344
 1207
 1042
 8554
 7427
 7211
  359
 7714
 2476
 4660
 8536
 3918
 5327
 3854
 1538
 2112
 8636
 7536
 8991
 6574
 3794
 8930
 3698
 6792
  614
 6697
 2911
 8980
 6798
 7226
 7165
  174
 1486
 5482
 6506
 2390
 5899
 8604
 6710
 4763
 1690
 4643
 9806
 7322
 1984
 9896
 5539
 9099
 1834
 7655
 4999
 5852
 1236
 8724
 9029
 4542
 1430
 2986
 6369
  235
 3803
  185
 3474
 4599
 2303
 8783
 7839
 9707
 4580
 8420
  717
 1874
 3946
 5192
 8418
 4024
 4936
 8716
 1312
 8673
 5533
 8579
 7504
 3254
 8495
 1137
 5870
 3830
 8608
 1829
 8101
 5989
 4055
 1148
  759
 4415
 2180
 7584
 4342
 7906
 9095
 5360
 2993
 9958
 3995
 2266
 5868
 7634
 2119
 5838
 3255
 8131
  760
 1385
 6908
 9328
 6371
  867
 3802
 2481
 3720
 1743
 6647
 7559
 3053
 8821
 1967
 4692
 9770
 9844
 9178
 8619
 2483
 2209
 2875
 3652
 3340
 5858
 8944
 7304
 2372
 6573
   32
 1370
  307
 5943
 8744
 4043
 5459
  653
 9512
 8896
 4221
 8246
 9581
 8659
  877
 1434
 7386
 3919
 9775
 5699
 6146
 4417
 9919
 6166
 9818
 2728
 5358
  677
 1360
 7764
 4276
 2613
 6567
  966
 2955
 9930
 3261
 7260
 8972
 3708
  285
 5050
 7922
 1795
 6416
 6945
 3226
 6654
 8012
 6207
 2291
 8843
 9014
 9974
 5234
 6356
 9978
 6039
 2214
 2660
 3362
 4150
 3125
 2672
 8559
 8144
 7995
 2411
  598
 9405
 2354
 4448
 1239
 4788
 4473
 2200
 1174
  581
 2257
 5091
 4382
 9124
 5620
 9904
 4909
 9147
 4532
 7246
 2123
 7350
  110
 7821
 6138
 8513
 1403
 7674
 9518
 7446
 2623
 7866
 8305
 3808
 6272
 5075
  804
 4725
 8273
 6399
 2167
 4364
 8791
 7516
   98
 2800
 4385
 6296
 7347
 9114
 6891
 9810
 4170
 2278
 3950
  854
 4142
 1146
  147
 7442
 1661
 1924
 5409
 3924
 7804
 7476
 1284
 2638
 4637
 6074
 6402
  752
 1026
 3412
 3848
 1559
  172
 7326
 8921
 6974
  151
 9190
 1747
 3598
 9460
 9235
 5864
 8698
 2897
 2374
 4394
 8765
 2600
 4480
 7183
 5731
 6280
 2461
 9819
 8975
 7261
 4900
  444
 7389
 1032
 9065
 7245
 7633
 2942
 5013
 3617
 1088
 7609
   54
 4128
 7652
 4798
 2197
 6116
  731
 5246
 6050
 8823
 2869
 9492
 8469
 2093
  979
 6842
 5742
 2627
 3861
 2562
 3257
 4765
 6155
 7496
 2288
 2106
 5622
 5265
 4230
 2100
   22
 9921
 5531
 2631
 5411
 3039
  720
 6461
 4486
 5193
 7539
 7047
  439
  395
  311
 1076
   70
 1707
 7132
 9296
 8840
 4648
 7133
 3566
 1116
 3093
 7673
 1827
 5448
 9579
 7876
    1
 4984
 1432
 3964
 1880
 9335
 5063
 5371
 8445
 1732
 4749
 6664
 9013
 3364
 2351
 7748
 8412
 5385
 6157
 1009
 2001
  164
 9777
 2998
 9182
  143
 7572
  451
 2594
 4495
 6722
 8792
 6576
  415
 8410
 1255
 8221
 5184
 2058
 3313
 9078
 6493
 3944
 3316
 7814
 6658
  818
 5551
 6526
 6340
 5518
 5709
 7833
 3026
 2657
 5985
  126
  816
 4612
 9111
 1574
  259
 8062
 7158
 1175
 4616
 6051
 7855
  870
 4443
 3611
 2723
 2797
 4559
 2539
 6949
 8432
 2715
 5320
 2528
 1784
 5638
 6625
 4819
 5888
 6684
 3428
 4189
 1473
 6845
 5615
 4233
 2165
 3726
 5437
 8900
 8330
 8568
 2009
   76
 1321
 5679
 5782
 9545
   78
 1034
 1860
 6176
 4084
 6999
  955
 8124
 4467
 3560
 2558
 1072
 4988
 8403
 1005
 4370
 4421
 3828
 7200
 5552
 3822
 5043
 5466
 3748
 9971
 2534
 6771
 6020
 7444
 8451
 4722
 3299
 9229
 1528
 1621
 8621
 4918
 1637
  615
  626
 9782
 5664
 9082
 2297
 2116
 1188
 1906
 1749
 5317
 2535
 6953
 3220
 7361
 5333
 5101
 7980
 4814
 2212
 9121
 1739
 1656
 2456
 9684
 5758
 6905
 2827
 2704
 7899
 2295
 9260
 6740
 9168
 9708
 9413
  347
 5392
 4927
 3998
 5243
 8076
 8057
  650
 3162
 1139
 8835
 4710
 7110
 7825
 2006
 6293
 4376
 2783
 3015
 8593
 3206
 3953
 4304
 8648
 7792
 7329
 4188
 3588
 7162
  434
 7688
 2083
 9517
 7425
 1298
 4303
  821
 6972
 8264
 9915
 1166
 7744
 7635
  351
  436
 3430
 9063
 1873
 8496
 1006
 9965
 5983
 2787
  722
 3177
 8366
 8152
 4654
 2784
 8025
 6297
 8255
 8212
  470
 1605
 6971
 1003
 6527
 7440
 1953
  473
 3835
 9149
 6843
 7319
  328
 8105
 4504
 2886
   45
 9104
 4032
 2792
 3603
 2322
 6682
 7279
  788
 4891
 9726
 4518
 9530
 1506
 9449
 4780
 7649
 7139
 4843
 9977
 1524
 8367
 2206
 9572
 5609
 5748
 7489
 2430
 9284
 2482
 6427
 7533
 9222
 2675
 7099
 8679
 3894
 8374
 2931
 5512
 5415
 5116
  961
 7824
 6260
 7462
 9822
 7180
 2277
 2491
 7520
 3135
 3466
  949
 2658
  595
 8590
 2914
 3679
 7161
 9972
 2808
 4034
 6002
 6674
 1685
 5335
 3031
 6012
  433
 6828
 3745
 8340
 7296
 9388
 2801
 4475
 7852
 2679
 6470
 4500
 6994
 6312
 8287
 3597
 6451
 3761
 6073
 7593
 1021
 1287
 3549
 4549
 7020
  493
 8779
 8763
 5086
 3225
 6032
 1501
 5857
 9934
 2282
 6342
 3586
 2828
 5438
 6286
 1045
 5831
 5781
 5414
 2380
 9464
  852
 4059
 3285
 3787
 1586
 4784
  105
 1378
 3750
  596
 4774
 1249
 1653
 7092
 9767
 2181
 8010
 2298
 5876
 7806
 9440
 6896
 8191
 1738
 8714
 2144
 7595
 7722
 4888
 6866
 7936
  170
 9532
 3981
 8735
 4284
 4519
 1152
 6411
  798
 8325
 8550
 4640
  994
 1824
 3878
 8193
 4602
 7008
  975
 8345
 7040
 7966
 8228
 5403
 2223
 3989
 5707
 4509
 2114
 5108
 4456
 4801
 9718
 1270
 7965
 2233
 3014
 1480
 6444
 9345
 6560
 5789
 4116
  812
 3295
 9380
  471
 1192
 4144
 6359
 6458
 2326
 2042
 2885
 2453
 5568
 7160
 6510
 2673
 5166
 1502
 3582
 4101
 1808
 5901
 8112
 7018
 5944
 7450
 4018
 4810
 8612
 7789
 2788
 3613
 6537
 1369
 4066
 9902
 9073
 7551
 2630
 7438
 9108
 2776
 2407
 2813
 7397
  704
 7836
 7903
 1886
 7497
 9030
 9040
  448
  521
 1581
 8862
 3165
 4551
 5825
  452
 8982
  374
  662
 4485
 9286
 4125
 1897
 6769
 7860
 5226
 6432
 8680
 4657
 5489
 8931
 8235
 6267
 9489
  176
 4656
 6184
 7776
 5282
 4271
 5156
 2185
 9961
 8067
 3391
 6054
 2395
 9051
 9183
 8116
 1861
 5072
 4916
 4136
 6641
 3792
 6909
 7859
 7717
 4143
 1782
 3498
 2522
 9088
 9338
 7583
 4659
 2530
 7958
 8677
  571
 7766
 1121
  103
 3432
 4213
 3836
 8234
 7974
 4272
 9918
 8535
 7834
  416
 9536
 2439
 3155
 2269
 9295
 5849
 6397
 5520
 4626
 2908
 2386
  649
  799
 7597
 5794
 4695
  566
 5716
 4207
 1178
 9042
 8482
 9753
 6169
 6120
 1781
 3409
 6355
 4295
 7098
 1014
 1584
 3658
 1763
 5449
 5536
 3816
 3289
 9131
 3650
 2646
 7282
 2158
  794
 6600
 5647
 5110
 8385
 2037
 2635
 9359
 4115
 3592
 6106
 7774
 2347
 5555
 8576
 3583
 3763
 7445
 3821
 6594
 2038
 1798
 9252
 2946
 7964
 6209
 3204
 2587
 6981
 7093
 9828
 2073
 7017
 6294
  270
 5104
  883
 5056
 7433
 3541
 3070
 9607
 6824
 2967
 9163
 3637
 5955
 5258
 6564
 5272
  183
 5067
 7506
 2030
 3882
 4534
 3382
 7334
 1451
  779
  465
 2146
 4289
 9520
 2688
 4899
 2789
 6918
 6363
 7271
 9564
 3332
 8968
 1999
  682
 6672
 7702
 5410
 8625
 1552
 4288
 7611
 3702
 4052
 8380
 6258
 4362
 4423
 7602
  710
 4791
 7130
 1167
 3921
 8003
 7263
 4085
 3845
  775
 7976
 1230
 5271
 5218
 5935
  243
 5202
 7681
   71
 7391
 1564
 7549
 6986
 2275
 7647
 6802
 2533
 4141
 4652
 4484
 5800
 2204
 5219
 5162
 9577
 5631
 6863
 9749
 4277
 5439
 5948
 7630
 5215
 4338
 7458
 3677
 7914
 2052
 8875
 7558
 6129
 8959
 9134
 9414
 3580
 7733
 8998
 4962
 7863
 1118
 2880
 2540
 6330
 1962
 9614
 2061
  874
 6270
 7420
 1200
 4437
 5785
  414
 1764
 4808
 4054
 4866
 1633
 9737
  518
 2592
  353
 6338
  681
 5307
 5122
 2358
 7754
 2405
 6128
 5060
 5493
 3622
 1022
 7335
 8855
 2155
 6231
  823
  445
 2624
 2677
 8436
 9404
 9624
 1911
 3537
 2906
 7537
 3718
 5422
 9987
 6380
  842
 6382
 2858
 1107
 4734
 9324
 8342
 3885
 1669
 8280
 9159
 7557
  357
 3812
 6833
 3721
 7370
 4380
 2632
 3561
 6979
 4138
   16
 1043
  314
 5658
  997
 5047
 9461
 9631
 1235
 3406
 9075
 5843
 7735
 8480
 2414
 4291
 3211
 1856
  603
 6327
 8021
 3651
 7101
  306
 9745
 1710
 9510
 2188
 7621
 4393
 4567
 6284
  274
 3837
 2301
 9940
 9926
 3217
 4557
 6400
 6345
 6205
 7799
 4817
   31
 9714
  495
 3891
 3619
 8341
  249
 1678
 2057
 6633
 6196
 3546
 2831
 6877
 3414
 2182
 6709
 3969
 4031
 2129
 7829
  556
 6772
 3913
 3742
 8485
 3246
 5006
 5354
 7302
 7294
 8704
 1210
 4309
 3629
 5281
  770
 5148
 9932
 6778
 1647
 1445
 7937
 4126
 7315
 6696
 8504
 4381
 4377
 6095
 6008
 4613
 6320
 8447
 8006
 8904
 4347
  547
 5445
 6861
  288
 1398
 6984
 9868
 1755
 3645
 8768
  138
 6124
 1304
 3887
 3778
 7419
 1783
 3065
 4007
 7313
 6797
 5593
 7628
 3728
 9947
 6464
 6316
 2917
 1542
 7328
 9251
 3929
 1507
 7493
 3672
 5169
 4823
 4195
 6385
  695
 2938
   57
 4282
 9539
 3520
 7095
 9824
 9788
  940
 1519
 8969
 8805
  187
 2639
   14
 8054
 2889
 3083
 7620
 8497
 9826
 6014
 2428
 5257
  607
 9720
 2294
 1395
 3157
 3307
 3013
 1455
  246
 3281
 1263
 5891
 8039
 9330
 4093
 4510
 9399
 5417
 4682
 2387
 3331
 4926
 2919
 4231
 6065
 4314
 1547
 8411
 6939
 7041
 3207
 9368
   66
 1659
  820
 8344
 2271
 2836
 7297
 1323
 1992
 2629
 2605
 7882
  954
 9766
 3665
 6122
 9743
 9080
 2391
 8635
 6854
 2290
 8185
 5319
 1065
 8321
 3844
 4470
 3098
 6613
 3471
 1664
 4300
 2103
 6701
 7435
 8836
 2126
 6417
 2856
 8276
 5892
 1830
 1762
 5733
 5612
 5273
  925
 3871
 1585
  153
 4539
 9289
 6052
 5388
 6632
 3552
 5683
 1994
 2170
 8738
   73
 3509
 4481
 1193
 2047
 6415
 6838
 3460
 5524
  167
 2818
 3140
 5342
 4162
 9954
 8107
 5174
 1652
 6483
 1727
 2225
 5035
 2418
 7570
 9232
 9645
 9803
 7880
 6749
 9201
 8394
 1929
  929
 2034
 8052
 6775
 9447
  297
 1229
 8693
 1596
 7724
 1350
 9023
 4476
 8591
 9290
 4730
 4663
 2349
  377
 2467
 6264
 8789
 6652
 8727
 7229
 9502
 3900
 9318
 4806
 9717
  974
 5590
 6541
 7773
  488
 4035
 3049
 5486
 2098
 2417
  916
 9999
 3955
  862
 9039
 7290
 1682
 6662
 2193
  906
 7286
 2162
 4540
  617
 9899
 6099
 9601
 1447
 3267
 9270
 2545
 1269
 9912
 2498
 9652
 9490
 3010
 4507
 3103
 9362
 4686
 8842
 9611
 9141
 8666
 3644
 7057
 9062
 9933
  656
 5171
 1080
 1309
 1024
 7927
 6910
 2701
 8398
 1863
 8213
 9642
 5790
 1163
 6904
 2256
 4408
 1950
 5984
  996
 4352
 1940
 1377
 8293
   91
 5817
  938
 6692
 9396
 7650
 2139
 6547
 6880
  928
 9169
 2011
 2979
 8060
 1371
 6262
 6580
  838
 1351
 8267
 4029
 3610
 8797
 5705
 7252
  930
 1675
 8778
 5909
 2826
 2109
  935
 9365
 5722
 3384
  344
 8656
 4678
 4148
 2493
  484
 6182
 9600
 7321
 8573
 1040
 1826
 5803
 7756
 8970
 5914
  805
 5661
  693
 4856
 1413
 3117
 9632
 5301
  984
  295
 1521
 9845
 4227
 8533
 9939
 7749
 8478
 6250
 5206
 9424
 5572
  408
 4160
 2888
 3747
  253
 3138
  990
 8895
 2408
 8362
 3635
 1140
 9367
  240
 3393
 8138
 9026
 4606
 4218
 8598
 9742
 2712
 1609
  250
 3525
 4409
 6082
 2868
 8038
  573
 9852
 7475
 3576
 1668
 9394
 9227
 3768
  371
  910
 4761
 9496
 1942
 2920
 4698
 3585
 5783
 4026
 8762
 1474
 4709
 5107
 4157
 5297
 5477
 9283
 6271
  278
 7146
 2166
 4474
  511
 7237
 1709
 1471
 6300
 1785
  836
  652
 5027
 2318
 9507
10000
 2718
 9372
 1849
 5326
 9735
 8518
  537
 2189
 1196
 8468
  141
 1108
  189
 6892
 8113
 9322
 2373
  119
 2811
 5058
 5201
 4664
 8119
  130
 9679
 2004
 7542
 7715
  485
 1294
 9357
 7228
 7019
 2561
 5264
 3827
 6855
 1848
 1978
  367
 1686
  609
 6479
 6036
 5646
 5285
 7854
 1468
 1816
 3462
 4502
 4134
 2096
 2133
 7813
 4359
 5881
 6948
 5034
 5146
 3213
 6109
 5015
 2674
 7908
 9889
 2420
 1989
 5562
 5975
 9028
 8250
 1266
 2941
 4228
 9584
 9754
 3499
 1357
 4171
 9917
 2983
 7035
 2063
 1073
  148
 8509
 4924
 9849
 2163
 6514
 8151
   24
 7575
  198
 5346
 4513
 6098
 6657
 1109
 3967
 5129
 7277
 4122
 1660
 4771
   23
 7225
 3765
 1427
 6754
 9482
 9626
 6965
 2893
 6660
  688
 9751
 5476
 8871
 7181
 4175
 4972
 3415
 3087
 4316
 1865
 9962
  950
 8493
 8487
 6007
  923
 8111
 4590
  819
 4264
 2172
  640
 7000
 2192
 6203
 8331
 9454
 5467
 3120
 1227
 8951
 9070
 3495
 1060
 9214
 9883
 4132
 8555
 9863
 4850
 2066
 6220
  801
 1221
 5106
  383
 8750
 5505
 2043
 2840
 9985
 1483
 4795
 4236
 1348
 1265
 7449
 2254
 9547
 2960
 9003
 1864
 1778
 4667
 1198
 6941
 4753
 5627
 8400
 8393
 5274
 6418
 5755
 2378
  513
 7492
 6387
 5600
 2649
 7064
 5850
 3464
 7298
 6747
 8746
 6713
 5432
 1733
 2959
 6509
 2991
 6152
 9762
 7571
  330
 3904
 5837
 4548
 6112
 1228
 7222
 4322
 2796
 7947
 4488
 6561
 1844
 8696
 6443
 6487
 6414
 3766
 6727
 1961
 5424
 9333
 1513
 3587
 6216
 4947
 8381
 9521
 2659
 6850
 4971
 3170
 8994
 4755
 4331
 4662
 3807
 8914
 1560
 7204
 3249
 6314
 6967
 8833
 6439
 7956
 6868
 5303
 6680
 1205
 3496
 7967
  145
 7152
  860
 7123
 1120
 5363
 7904
 9344
 7873
 3699
  865
 2377
 3774
 2284
  505
 6829
 2898
 7102
 6681
 9989
 4742
 8259
  450
  238
   68
 8383
 5386
 2000
 2682
 7881
 6743
  329
  982
 5170
 3388
 4246
 9506
  890
 7276
 2958
 3625
 9800
 4241
 7818
 4886
 5041
 5399
 2802
 3303
  691
 5099
 9663
 1890
 5649
 8542
 2279
 3190
 9280
 3356
 1881
 2089
 3059
 1016
 3971
 6298
 8906
 6773
 8624
 7726
 99999
 100000