 8707
 8629
 5332
 9678
  669
 6498
 8136
 1843
 4242
 1025
 8807
 9968
 8421
 1822
 3368
 4878
 7217
 7897
  817
 4691
 9900
 7232
 1020
 9998
 6126
  878
 5853
 8815
 6988
 3724
 5554
 7848
   17
 4885
 6659
 6022
 3143
 6831
 6326
 6758
 5828
 8646
  947
 6609
 2757
 4777
 7170
 6562
 4996
 3992
 2512
  719
 4831
 7642
 9686
  871
 6671
  606
 7117
 2851
 5867
 2242
 4783
 2317
 9383
 8031
 7033
 8158
 5730
 2978
 1535
 7356
 8567
 5181
 2766
 6147
 4028
 8055
 5359
 5591
 2555
 9249
 7452
 2184
 6185
 4847
 6577
 8753
 6734
 2825
 5032
 7156
 4406
 6650
    9
  778
 8217
 6832
 99999
 100000