 8707
 8629
 5332
 9678
  669
 6498
 8136
 1843
 4242
 1025
 8807
 9968
 8421
 1822
 3368
 4878
 7217
 7897
  817
 4691
 9900
 7232
 1020
 9998
 6126
  878
 5853
 8815
 6988
 3724
 5554
 7848
   17
 4885
 6659
 6022
 3143
 6831
 6326
 6758
 5828
 8646
  947
 6609
 2757
 4777
 7170
 6562
 4996
 3992
 2512
  719
 4831
 7642
 9686
  871
 6671
  606
 7117
 2851
 5867
 2242
 4783
 2317
 9383
 8031
 7033
 8158
 5730
 2978
 1535
 7356
 8567
 5181
 2766
 6147
 4028
 8055
 5359
 5591
 2555
 9249
 7452
 2184
 6185
 4847
 6577
 8753
 6734
 2825
 5032
 7156
 4406
 6650
    9
  778
 8217
 6832
  658
 9537
 4839
 7059
 8078
 9582
 3443
 3203
 8254
 6715
 7054
 4498
 9561
 9864
 9793
 7487
 6156
   26
 3398
 9888
 9779
 6801
  893
 6870
 8065
 3363
 8464
 6628
 1599
 3590
 1820
  469
 6822
 1509
 6589
 2965
  184
 4921
 7267
 3329
 1318
 4006
 4021
 7685
 1635
 2865
 1126
 6761
 7390
 8995
 8640
 5906
 6746
 3740
 8812
  960
 6571
 3330
  787
 9007
 4477
  985
 1345
 5195
 2441
 8754
 2049
 2202
 8166
 3526
 6590
 8544
 4229
  641
 4204
 6302
 9098
 2963
 7485
  811
 6174
 8288
 6821
 5398
 1525
 4790
 2742
 1714
  305
 3486
 3234
 4109
  921
 9587
 6876
 7530
 4598
 5455
 2385
 2293
 8049
 1450
 1982
  188
 4287
 6906
 3293
  897
 4491
 6368
 5594
 6023
 9444
 5183
 1527
 7610
 6552
 6228
 5349
 3906
 4615
 4571
 2981
 7661
 3957
 1623
 2614
 1772
 3131
 1555
 8729
 9209
 1286
 6933
 9420
 2949
 4139
 4048
 8253
 8454
 4737
 7268
 5029
  242
 1260
 7090
 5981
 4544
 3741
 6177
 9079
 1092
 5887
 8876
 9216
 6546
 3169
  385
 4564
 4848
 9442
  229
 5645
 2985
 4966
 8583
 4800
 6318
 7230
  412
 1869
  665
 2361
 2790
 9866
 2022
 7278
 6915
 7695
 9243
 1833
  317
 4198
 3037
 5001
 6333
 2795
 6406
 5629
 5045
 6367
 1383
 9605
 6726
 4671
  204
 8643
 1134
 4952
 9756
 9799
 6957
 2130
 9019
 1375
 4224
 9358
 2465
 5188
 2821
 4588
 8164
 6247
 3222
 9905
 6923
 8892
 8363
  766
 3631
 2567
 1937
 7108
 1091
 5488
 5673
 7461
 3219
  636
 8562
 6214
 2733
 5209
 5614
 5316
 4290
 7220
 1216
 7383
 5968
  782
  196
 3095
 4964
 8682
 4247
 9591
 3251
 8887
 2779
 5813
 6668
 4081
   74
 6213
 2360
  516
 4941
 4404
 5681
 2947
 4311
 3593
 1617
 1394
 6248
 7951
 5429
 3653
 9563
 9549
 8128
 8289
 5443
 2356
 9032
  474
 2948
 8529
 4050
 6873
 3523
 5176
 9166
 7573
 5601
 3410
 3186
 2964
 3538
 2683
 4442
 1614
 5738
 3550
 8684
 3090
 7625
  608
 6788
  621
 3533
 3886
 5786
 9236
 5575
 3657
 4328
 6343
 8376
 4114
 9860
 8429
 3907
 4767
 4818
 3121
 1424
 9744
 3002
 6739
 3937
 9693
 6723
 8050
 5275
 7534
 9647
 6283
 4769
 5074
 7312
 2328
 6072
 4297
  517
 3553
 3046
 4948
 5280
 2216
 9177
 3775
  546
 6211
 9955
 4091
 4960
 7745
 6813
  872
 8364
 6670
 3975
 2310
 1718
  338
 8291
 3862
 9277
 9431
 7394
 9524
 9058
 1536
   82
 4690
 9986
 8713
 5474
 9653
 2763
 3291
 8721
 7769
 4183
  266
  866
 7847
 6053
 3355
 4369
 3965
 7197
 8020
 9969
 6961
 7917
  123
 7942
   86
 8079
 5237
 8388
 5915
 8911
 9610
 6583
 4387
 7561
 7846
 7258
 5747
  171
 8309
 2882
 7538
 3229
 8103
  267
 4119
 5468
 9246
 4121
 3634
 4946
  850
 3325
 7348
 3704
  282
 2364
 9853
 1964
 2722
 5321
  139
 1534
 7960
 8056
 5860
 6165
 9884
 7125
 2268
 8037
 6851
 1612
 4983
 2392
 8498
 2929
 4167
 7460
 7426
 2086
 2205
 2040
 7762
 5644
 7354
 2664
 4934
 3089
 8179
 5247
 4092
 6518
 7790
 4620
 8561
 7432
 5473
 7629
 5020
 9301
 7645
 4625
 7281
 8066
   88
 1049
 9846
 1113
  734
  672
 4903
 3562
 4110
 5814
 5563
 8751
 9936
 6049
 5528
 3420
 5940
 5942
 4595
 2499
 3648
 1404
  632
 6290
  685
 3912
 7190
 4919
 2015
 2953
 3776
 8570
 3517
 3076
 1832
 3703
 2861
 4087
 6311
 5406
 2934
 5462
 5764
  446
 9721
  648
 8326
 5062
 8592
 3626
 6879
 8935
 5375
 9107
 9113
  676
 8881
 6943
 4269
  993
 3003
 9967
 2375
 7103
 1082
 8507
 8230
  507
 7528
 8375
   56
 9403
 4623
 9973
 2255
 4727
 9816
  937
  724
 3142
 3447
 3058
  113
 4601
 9685
 7066
 1616
 1722
 5653
 2340
 6208
 6277
 9400
 7988
 5728
 6257
 5070
 9501
 7441
 1217
 5100
 9869
 7050
 7087
 1883
 6787
 7751
 9801
  426
 1952
 1391
 1470
 9203
 9329
 6349
 9369
 6419
 2048
 9255
 5546
 3690
 1838
 5854
  106
 5456
 4181
 4217
  111
 6485
 5262
 1996
 7208
 2082
 8501
 2175
 5103
 9655
 3016
 2890
 3922
 9267
 4095
 7120
 2450
 4073
  159
 9739
 5379
 4611
  664
 9620
 4607
 4688
 6434
  618
 6092
 1185
 1955
 2359
 6721
 4499
  550
 4743
 6246
 6004
 3949
 2046
 6825
 3974
 7413
 7683
 3736
 5168
 4049
 5580
 2816
 4605
 5880
 3431
 9208
  776
 9175
 4905
 5616
 9865
 3260
 5889
  310
 7309
  256
 7482
 1546
 8402
 3127
 1489
 9472
 3114
 9997
 3265
 7809
 1515
 3574
 9217
 2968
 4587
 9016
  115
 5315
 2876
 1771
 3152
 4877
  880
 2833
 4215
 3153
 6178
 3365
 3504
 2566
 9556
  467
 7924
 6225
 7768
 1588
  896
 6087
 2980
 9785
 5582
 4254
 3961
 5092
 7810
 8011
 5513
 4137
 8337
 5967
  302
 1624
 8720
  738
 7248
 7457
 3057
 8118
 7675
 9680
 3678
 7016
 7159
 4875
 5389
 3328
 1602
 8681
 3671
 8511
 4214
 5628
   20
 7581
 2161
 3962
  169
 5208
  575
 5068
 1744
 3173
 4226
 4120
 2734
 4953
 6212
 2228
 7666
 2945
 4441
 5008
 4325
 1180
 1610
 5030
 2313
 1297
 7275
 4354
 6064
 7910
 4374
 9702
 1099
 7005
 2191
 2074
 2874
 3646
 5925
 8866
 5198
 3762
 5097
  421
 8459
 9192
 4728
 5430
 2388
 9928
 8826
 8668
 6508
 7999
  462
 1573
  679
 8546
 4901
 4403
 8334
 6383
 2454
 4113
 4074
 8044
 3485
 1213
 6334
 9809
   29
 7705
 7073
 8139
 1411
 7556
 4103
   19
 4720
 2725
 7889
  989
 3184
 7706
 1872
 5704
 5995
 8384
 4069
 9221
  140
 8064
 9000
 4974
 9257
 3909
 2872
 9984
 8369
 5585
 4676
 1494
 5869
 6006
 8222
 2924
 6324
 2054
 3436
 4865
  592
 3030
 4135
 2746
 7720
 9757
 5643
  352
 6844
 7067
 7077
 6259
 1948
 6955
 6210
 3893
  131
 3341
 1673
 8858
 5318
 5197
 2756
 6729
 9463
 5118
 5154
 2777
 4914
 5233
 5597
  905
 9503
 5693
 3078
 4478
  807
  882
 2903
  376
 9426
  327
 6057
 1244
 6651
  400
 6404
 9943
 7028
 5322
 3573
 7465
 8027
 3521
 4285
  858
 2829
 7145
 99999
 100000